0.0
3.4121762543225684e-07
3.1495531676008834e-06
1.0443325273503783e-05
2.3503136027667563e-05
4.3224273657473647e-05
6.976482867634824e-05
0.00010198803112357782
0.00013872674554002854
0.0001787301753036513
0.00022132524542165587
0.00026482197025618637
0.0003086407247830963
0.0003505309837528499
0.0003877837519323462
0.00041871773491728673
0.0004423578068399785
0.00045746068851946494
0.0004624657849778782
0.000456739070365005
0.00043885787340716323
0.0004104243694072003
0.0003716995265133801
0.00032497480022779593
0.0002696015595100724
0.00021095920283417557
0.00015188061416793246
9.55354876507495e-05
4.69576147767755e-05
1.2993972613459768e-05
3.2843243887427187e-07
