0.0
3.1458018628420363e-07
3.087005064213994e-06
1.1330120117415766e-05
2.7555124219743703e-05
5.426298842879795e-05
9.261369548608845e-05
0.00014344506908800544
0.0002088770156868326
0.0002888318226526189
0.0003816922430720641
0.0004916459282222898
0.0006209800466853928
0.0007656048736537186
0.000925164853710105
0.0011008661356176452
0.001291061915013268
0.001489783125854114
0.0016973331994528152
0.0019158802357256057
0.0021423885469540704
0.002379661934908554
0.0026250639121414595
0.0028787804538110084
0.003133337749841544
0.003391864059868654
0.003651112010800012
0.003907374819228846
0.004161959213955625
0.004405548985518254
0.004638963179878493
0.004866086944085984
0.005077382614728757
0.005264436358434683
0.0054365016059782145
0.005588975837867709
0.005727094422710266
0.005839502833632525
0.005934535713419229
0.006011350313193022
0.006076790265786516
0.006115202157633588
0.0061286666068035124
0.006112805864862642
0.006072929749643114
0.0060117361358196925
0.005926604238958467
0.005816654923377176
0.005682863273960037
0.0055178964856343075
0.0053233781272007735
0.0051063146662626855
0.004857373593810096
0.004582267441084143
0.004290660562838671
0.0039826006262474
0.003662128859857612
0.0033283800259946194
0.0029845805661068326
0.002623448271788565
0.002262576172581375
0.0019069581824285606
0.0015661685592552432
0.00124759527590627
0.0009580277229888146
0.0006911389142927778
0.0004590440483045236
0.0002676701673792137
0.00012407046783502975
3.237518432157301e-05
3.417502657020393e-07
