0.0
3.827838181744124e-07
3.341951279220693e-06
1.186858797670922e-05
2.801821236568056e-05
5.5418117534219584e-05
9.727796328761556e-05
0.00015404422764788458
0.0002261879528502018
0.00031663437576889787
0.00042860853746636745
0.0005623889924490687
0.0007180662133880475
0.0008939259148264724
0.0010918829010866252
0.0013181476569470744
0.0015728070171402843
0.0018494288087206275
0.002150584032531552
0.00248002324587184
0.0028429329657582375
0.003240105275588567
0.0036581967466803663
0.004103799382012113
0.004571673030935126
0.005059566089694018
0.005572755426736089
0.006101266080988247
0.006623966605567356
0.007171103889968166
0.007728302070560046
0.008281282105383024
0.00884171222947278
0.009402696917236606
0.009945211748236064
0.010468892874379536
0.010989917914519998
0.01152288646660923
0.01205120530911043
0.012575971735095047
0.01309202285366197
0.013609074462040394
0.014093907705650435
0.014558781791146327
0.01499138410549564
0.01540146307988855
0.015794118968069225
0.016155526997704044
0.01649839399808422
0.016828476214235555
0.017130796070079474
0.017420992914810206
0.017713869831176374
0.0179743907624095
0.01817661187155293
0.01834472338215733
0.01849454251046466
0.018611958103382342
0.018674493325759246
0.01870994609670321
0.018729444772039965
0.01872909782903039
0.018682031237119093
0.018591159006568207
0.01843514670536523
0.01822019462420224
0.017979657943215255
0.017691092418895698
0.017374299421412557
0.01703253160423318
0.016638561767749412
0.016226115370747557
0.015795183322358006
0.015321047805295399
0.014801250790727425
0.01423949248638793
0.013656063538235626
0.013046958425064977
0.01239787082779978
0.01169283518803456
0.010969702759890492
0.010239407889586234
0.009500314352238996
0.008748079814889467
0.007994355792163331
0.007240468365314382
0.00650394144900839
0.005791881303483499
0.005093078735855359
0.004422284177450834
0.003789864683923328
0.003174392676412352
0.00259231879505932
0.0020450167771489634
0.001544387801057045
0.0010988802303150318
0.000722560619675808
0.00041568061216759903
0.0001879395405955304
4.82403064930555e-05
3.163313019441009e-07
