0.0
3.494417026639243e-07
3.328114216805933e-06
1.186838876094046e-05
2.8261754260982034e-05
5.381915729189526e-05
9.0462768230692e-05
0.00013869772433113453
0.00019914994780232786
0.00027217877374541944
0.0003565465019668238
0.0004545544779896213
0.0005652795904008518
0.0006861362480186301
0.0008142587899396804
0.0009496205313316625
0.0010899963573189324
0.001230983785899058
0.001371579126335027
0.001507919585675979
0.0016436651575694487
0.001773161182507105
0.0018979764879606352
0.0020148255499527526
0.0021217123279913142
0.0022193262901642405
0.0022984063436816402
0.0023568266566267055
0.0023948398306680944
0.0024100148813207974
0.002407084250997393
0.002387567665368392
0.0023466656500174487
0.002282888704847155
0.002196431493990892
0.002089176760477068
0.0019659305950225346
0.0018283538907788578
0.0016794893384146463
0.001514280623665196
0.0013390522218857026
0.001158578484271319
0.0009783987389599927
0.0007983139159985575
0.0006230931105962067
0.00046002455641564995
0.0003132435124506726
0.00018769788377412803
8.932535276678177e-05
2.379054325678759e-05
3.4277516608799846e-07
