0.0
4.3133140160921525e-07
4.097221273939967e-06
1.485191305258077e-05
3.648370819695157e-05
7.277688077639567e-05
0.00012744646918034865
0.0002043055279410964
0.00030721857326525287
0.00044007286430661473
0.0006066500569577243
0.000810994138467428
0.0010568186644731735
0.0013476114083279405
0.0016877318966104916
0.0020810593879210374
0.002531385632265217
0.003042667233708398
0.0036190317963704565
0.0042632385332963055
0.0049798508368299925
0.005772812244401192
0.00664611001330734
0.007603730607585514
0.008649478526998308
0.009786118152251165
0.011018975253920737
0.012351436207335496
0.01378830468583507
0.015332683793007609
0.016988516340868662
0.018759643658667675
0.020648586236655758
0.022659418702763928
0.024799883970609938
0.027074879249695046
0.029487021150475853
0.03204144821077851
0.034742801536921955
0.03759473863040947
0.04060030131940605
0.043765794177873435
0.04709347758050641
0.050587595993002145
0.054251656026751395
0.05809162706190006
0.06211067767601372
0.0663103122050362
0.07069927013290755
0.07527902615115314
0.0800537076881688
0.08502956343150221
0.09021014939328553
0.09560265618461698
0.10120812437878532
0.10702905054314568
0.11306871817035005
0.11933452684595128
0.12583297338235624
0.13256428166565778
0.13953149944453963
0.1467402299551689
0.1541941689336936
0.16189818123635186
0.16985276587894874
0.17806445694986464
0.1865377157250186
0.1952766431646411
0.20428553678211064
0.21356665142767794
0.22312873818902262
0.232979532219607
0.24313093612800615
0.2535810299304945
0.26432868010313737
0.2753755600031937
0.28673569395913284
0.29841670688673616
0.31042325446541513
0.3227592966581586
0.3354347200345419
0.34845832696379625
0.3618260172558398
0.37555306344573464
0.38964296935643916
0.4041003231309876
0.4189408579568495
0.434151683129778
0.4497466307233504
0.46565918821223107
0.4819517725320418
0.4986145450456196
0.5156765502626937
0.5331362932423721
0.5509933288747925
0.5692772381882516
0.588004189332964
0.6071705168870298
0.6267911383281511
0.6468248647530144
0.6673182041524891
