0.0
3.528589384458401e-07
3.468693522751355e-06
1.2600980142631494e-05
3.05129402415001e-05
6.075825821152825e-05
0.00010444325378212475
0.00016501609909123775
0.0002463002512669825
0.0003490289497169685
0.0004717871350069252
0.0006186663608461427
0.0007860765869127372
0.000977115762017841
0.001189102533385898
0.0014245064811894827
0.0016741518946496933
0.0019416206884059698
0.0022164034520610236
0.0025070595176525773
0.0028225467729427914
0.0031604309677029222
0.003506092274107453
0.0038696039042180057
0.00424829247328774
0.0046388987459584
0.00503807905495124
0.0054522147460888655
0.005871073643901932
0.006309331286462707
0.006758261782077819
0.007213366849721667
0.00766860505178134
0.008123725994424373
0.008582347549562068
0.009011561381228855
0.009442912332791967
0.00986776855439025
0.010282425860148941
0.010678133035031595
0.011063458995225131
0.011426096506675138
0.01177423379740629
0.012102639729991668
0.012409761476801388
0.012696467993192514
0.012949407298355859
0.013173949271052874
0.01337184306398116
0.013516260445101997
0.013629446393206509
0.013724772066741242
0.013779568444583752
0.013783369711235742
0.013742001184273545
0.01367662028016241
0.013568598389801042
0.01342755528061227
0.013272129495839155
0.01309229948042494
0.012868935831297836
0.012614399942932819
0.012326394822688063
0.0120122097090349
0.011664498749404397
0.011294440763552585
0.010902028972272573
0.010478860969623919
0.010036623385775018
0.009560334286592061
0.009040067345181669
0.008499876680529008
0.007940748188690554
0.007363485380153003
0.006779225754249424
0.006178761328484412
0.005584393907097629
0.0050118496381732665
0.0044335523362268175
0.003865942185563162
0.0033173835446226865
0.0027851044935563603
0.002273309323238138
0.0017919473526367329
0.0013553323987572346
0.0009707826840262585
0.0006461051430341455
0.00037719798344336365
0.0001744822041970027
4.704713726660207e-05
3.3225448487312896e-07
