0.0
3.4913347601666147e-07
3.4743370016029716e-06
1.240976268477268e-05
2.9122393735974963e-05
5.542558034378782e-05
9.347628930739785e-05
0.00014384460210393053
0.00020807070697639684
0.0002865617632532928
0.0003802416401551517
0.0004887912544424846
0.0006141667365896115
0.0007514010836491363
0.0009010090890866957
0.0010634797609035196
0.0012376432313210978
0.001417362600383424
0.0016027175261861528
0.0017958117748185887
0.0019964763450252654
0.0022005968480971584
0.002400159393785247
0.0025991432447875214
0.002796786456424197
0.0029896894513705146
0.0031726944835547477
0.003345136760632187
0.0035078162672527516
0.0036582221569119227
0.0037922942809485694
0.0038948539801056284
0.003970680975580883
0.004022634653009257
0.004061289058076705
0.004073778500631773
0.004059892619203556
0.004021802901493078
0.003956540876884873
0.0038728276644506045
0.0037760269681924663
0.003654964478107991
0.0035108414653362693
0.0033444404477826132
0.0031600897578779002
0.0029471064770408067
0.002715218427269961
0.0024711334369194606
0.002219784252768299
0.0019696517280691204
0.0017117546789335095
0.0014533176883499473
0.0012010527896313362
0.0009600716289280204
0.0007359651793466314
0.0005315014585173002
0.0003548866525532852
0.00020889088359839588
9.777496095427408e-05
2.5756454329647348e-05
3.4408857607755955e-07
