0.0
3.258245943662844e-07
3.146449206458099e-06
1.10381267647007e-05
2.6085967628455066e-05
4.953773924347393e-05
8.251184312927965e-05
0.00012538807602168177
0.0001775326671289806
0.00023768162865615578
0.00030502672562084343
0.00037809751445172014
0.0004542181024596178
0.0005333435638128134
0.0006158188542182074
0.0007002903316489266
0.0007831869408888508
0.0008633672080114529
0.0009352316492577512
0.0009974983521769776
0.0010468917223481564
0.0010861747335141592
0.0011154753277866885
0.0011296179943314833
0.001131721653126773
0.0011188584278388257
0.001089867434163509
0.001046755741673625
0.0009876015461493222
0.0009151810500953423
0.0008337475283332835
0.000742966584584028
0.0006425027615468128
0.0005367268778274104
0.00042810031377742407
0.00032186555354824577
0.00022318214448724646
0.00013643841738066002
6.602234327154018e-05
1.8175994745031075e-05
3.4540221382744535e-07
