0.0
3.212581878560405e-07
3.3252031983313566e-06
1.1949367825209878e-05
2.8580779423842993e-05
5.6031729080252936e-05
9.55000783853399e-05
0.0001495413467501614
0.0002175622617252413
0.0003046489818132837
0.00040998923537291753
0.00053214608614939
0.0006757141689833
0.0008385794830435267
0.0010186519373789795
0.001212256829014517
0.0014196136357664411
0.0016445900828747895
0.001882908282629088
0.0021335759363528234
0.0023995903534884183
0.002675140670075128
0.0029552624667473198
0.0032505393690670636
0.003559484204764476
0.003874564869203195
0.004189685447190565
0.004498245958750779
0.004798528124909443
0.0050902769099437336
0.005373817675967933
0.005649703594218143
0.005917394964412128
0.006177942900770104
0.006437109210840394
0.0066961723027796185
0.006944413833181825
0.007191301843986594
0.007431336219031368
0.007645736190671615
0.007848905336366856
0.008023370818249585
0.008164718481190072
0.008275086076714504
0.008374894907022545
0.008452146890925421
0.008520997211463356
0.008570604594132888
0.008598212044652975
0.008594099239604289
0.008552278462337089
0.00849132810462023
0.008393921056519864
0.008270803152427147
0.008143234135352631
0.007976971297685622
0.007767876183801864
0.0075216058229445595
0.007250210322692453
0.006960401217180454
0.006646625420370472
0.006317247311345238
0.005962574403385577
0.0055834611018933155
0.005182942762381113
0.00476124347758617
0.004335969183050092
0.003914009358251417
0.0034932274217571477
0.0030705233501943335
0.002648088779356171
0.0022372517818775063
0.001842743198182107
0.0014681407547905538
0.001118719604039818
0.0008060951396659529
0.0005353404189969238
0.00031330704293961776
0.00014580189322983673
3.8378678491789124e-05
3.399864642402583e-07
