0.0
1.4948330723616387e-08
1.45419722166238e-07
5.046554783801565e-07
1.195649926796418e-06
2.3330965389460753e-06
3.985129435565843e-06
6.196389371510054e-06
9.02409085998248e-06
1.2529696490352027e-05
1.674268208218211e-05
2.170699294493575e-05
2.744831569215796e-05
3.395859889572766e-05
4.123909657707676e-05
4.932439410558557e-05
5.812772424998566e-05
6.768835183059148e-05
7.798058188053335e-05
8.89933329049998e-05
0.00010064240553447311
0.00011286071899504703
0.0001256706185019214
0.00013895979926154824
0.00015282778786986534
0.00016717514559795224
0.00018212204790409793
0.00019734247569923324
0.0002129856332038031
0.0002288172770686256
0.00024472165676817954
0.0002604814405045339
0.0002760740833408283
0.00029158443875936115
0.0003072303526261365
0.0003227145657152186
0.0003381710843819773
0.0003534784337542089
0.00036842930705015785
0.0003828631316562913
0.00039674810788935727
0.0004102135070513502
0.0004230107603077746
0.0004354585358090489
0.00044706935745753826
0.0004575034526915173
0.0004671449311223491
0.0004760666287052425
0.00048402482617976447
0.0004908199697245867
0.0004963339741977258
0.0005005995615364234
0.0005038195548687022
0.0005054968037377624
0.0005059599559167913
0.0005052150951494356
0.0005030781496034172
0.0004993723577254645
0.000494620056707323
0.000488379568193626
0.0004805672408032628
0.0004713405020510339
0.0004608756198641252
0.0004491409954172015
0.00043601455741756185
0.00042169833317376156
0.00040612025590500963
0.00038953490447594306
0.0003720784753922813
0.0003539502882311029
0.00033486202832404277
0.00031488238420341246
0.00029396555188100485
0.0002728419664283426
0.0002512236678910676
0.00022918069861147287
0.00020696114139827847
0.000184830815491711
0.00016320484984613486
0.0001420997672954972
0.0001216729659549815
0.0001021264484159647
8.372962882355987e-05
6.659743039200056e-05
5.077658325051973e-05
3.6598724032011874e-05
2.4327104647631624e-05
1.4261509224085028e-05
6.7275880841500165e-06
1.9961509817337173e-06
3.342306022721937e-07
