0.0
1.4734531710453034e-08
1.3903275498387732e-07
4.915037831761914e-07
1.1664886181759639e-06
2.235066225892637e-06
3.744463334987343e-06
5.760695394824641e-06
8.30137183905138e-06
1.1379383322381892e-05
1.497711281919814e-05
1.909834013343583e-05
2.3717042755329374e-05
2.879941680228806e-05
3.429194916855081e-05
4.0202549117411276e-05
4.649338564934903e-05
5.3079822461038766e-05
5.983039895373388e-05
6.67507995024619e-05
7.384557349235421e-05
8.096082934689487e-05
8.797440439858928e-05
9.486189698250873e-05
0.00010154725997803752
0.00010809915824515549
0.00011428599720614174
0.00012023287241710847
0.0001257551300836114
0.00013081887148518414
0.00013539980179096874
0.00013946018913164258
0.00014274852743427935
0.00014540213759297978
0.00014723643076978323
0.0001482001444064455
0.00014822490050838254
0.00014749920966568376
0.00014589137421212208
0.0001435165918930151
0.00014026307233858267
0.00013609227788119726
0.00013105405034870624
0.00012519351011998613
0.00011855766392002894
0.00011122133636748608
0.00010329024623355318
9.489323283162997e-05
8.596352350369421e-05
7.659193696010962e-05
6.692793823206176e-05
5.7224716208981885e-05
4.7718703843198045e-05
3.8608893889518266e-05
2.9978754193129542e-05
2.200175502960211e-05
1.4981419049005141e-05
9.069819605096083e-06
4.411912273582047e-06
1.4032966782629578e-06
3.32241146096226e-07
