0.0
1.480260521778874e-08
1.4359587847259549e-07
5.065870004491849e-07
1.2142441903381683e-06
2.362584255227476e-06
4.054044056319495e-06
6.371721007168342e-06
9.395882836160609e-06
1.3147339430962422e-05
1.7658430264543754e-05
2.292757937310645e-05
2.9033613159061767e-05
3.5948352465572234e-05
4.370421701766073e-05
5.250486560396983e-05
6.225726311517691e-05
7.292154761923302e-05
8.455435398452883e-05
9.697067827214167e-05
0.00011008036228530156
0.00012400015217063458
0.00013863450617690855
0.00015390481675251808
0.00016973407440827102
0.00018639636139903518
0.00020362175244033676
0.00022140765814326356
0.00023932490491509578
0.00025751975422263454
0.0002760089076539847
0.00029500521418553556
0.0003144045196119168
0.0003340016761730409
0.00035340840172146375
0.0003728238274145908
0.000392234191210547
0.00041142124363672975
0.00043104446110152025
0.0004508425427555475
0.00047043588280908875
0.0004897172285375812
0.0005085929651388329
0.0005268002555350324
0.0005443287279189418
0.0005612049977000572
0.0005773451455685179
0.0005922731372155214
0.0006064181848771382
0.0006195324386992247
0.0006319539324053194
0.0006433454949402132
0.0006532014329218333
0.0006615787548982336
0.0006684944885524719
0.0006737476387533442
0.0006778490022260087
0.0006806731682153042
0.0006823465708564796
0.0006831121881507126
0.0006822057838234769
0.0006797151810598119
0.0006756782653863656
0.0006701509447263514
0.0006635236519651682
0.0006554531845800093
0.000646089676599948
0.0006354463708397744
0.0006236644201709617
0.0006111128076546025
0.0005973855575709046
0.000582028372300351
0.0005655084510119326
0.0005477170222970502
0.0005286593108138663
0.0005085068497850402
0.00048718895374205766
0.0004649779784433895
0.0004420571181232062
0.00041809590851083205
0.0003933170935998535
0.0003682579988462394
0.0003425023474244996
0.00031639917432636143
0.00029029438161804025
0.0002641418515474134
0.00023807737075810667
0.00021226311669724068
0.000186827954776752
0.00016208590510440488
0.00013832818385697265
0.00011580916773746095
9.447637666309792e-05
7.45226979766767e-05
5.656693682801406e-05
4.068654342916392e-05
2.6987562951709033e-05
1.5795789420896965e-05
7.4309913584079775e-06
2.1602792122496696e-06
3.4249947228476485e-07
