0.0
1.5624862629542804e-08
1.4218345429582626e-07
4.955043355346645e-07
1.17947103304964e-06
2.2740602140356472e-06
3.866819247846883e-06
6.0117885214510475e-06
8.756199678097222e-06
1.2135271249522587e-05
1.6196751860582415e-05
2.0930470521489783e-05
2.6392880962352947e-05
3.247121376022343e-05
3.918554887822661e-05
4.6504842566182e-05
5.4381842294758877e-05
6.276178466218786e-05
7.15992473456668e-05
8.080638494236989e-05
9.036103006295222e-05
0.00010023282451260728
0.00011025218044651788
0.00012030956287216758
0.00013048533402223149
0.0001407042454479266
0.00015075884479229197
0.000160605289511966
0.00017015818807767226
0.000179351084684574
0.0001881597763056548
0.00019647801119336471
0.0002043279899817177
0.00021157912939605595
0.00021838702338845074
0.00022451717505037188
0.00023003067131425252
0.0002347071196526356
0.00023842959715652038
0.00024102483183524256
0.00024258248219163642
0.00024316990438013274
0.0002426176620053448
0.00024079547921537485
0.00023819243767795014
0.00023477832053299256
0.00023029145053060694
0.00022475896186076847
0.0002181864383148745
0.000210772779715382
0.00020255855525465953
0.00019361852500323704
0.00018391599863927174
0.00017356561489131528
0.00016246675932931156
0.0001508770200217364
0.00013870565880644753
0.00012618974104741773
0.00011343519202394857
0.00010047956980161773
8.733525587741445e-05
7.424495705268456e-05
6.139992023362201e-05
4.9259361421571494e-05
3.7929886767562215e-05
2.7601129453129967e-05
1.8549235922719167e-05
1.1014753600773295e-05
5.279502873735652e-06
1.6135632496760285e-06
3.338578961519682e-07
