0.0
1.5242344603086964e-08
1.4297737114837063e-07
5.065442059097115e-07
1.2195956887437002e-06
2.378388599631684e-06
4.073875359344642e-06
6.376565820426119e-06
9.34818914210383e-06
1.3024738304647378e-05
1.7412341124505662e-05
2.246921963788521e-05
2.8263568751850253e-05
3.4804874163638314e-05
4.2089805177590796e-05
5.0166132820087286e-05
5.8934242886077416e-05
6.842157082648115e-05
7.84700512322457e-05
8.903773420038827e-05
0.00010019057318967787
0.00011189966203520958
0.00012412920093173715
0.00013681063172910396
0.00014989588822740703
0.00016326885547509554
0.00017678853189658124
0.0001903425516402946
0.00020405107800936455
0.00021774500021827932
0.00023139572543647908
0.0002448780377468887
0.0002581054911105719
0.0002710243968798779
0.0002834229097081702
0.00029533438483683657
0.00030660665513386454
0.00031720042897524943
0.00032700329723514896
0.0003359661257787965
0.0003440403813614212
0.0003513902282611702
0.0003576354447038616
0.0003628558621798437
0.00036719399591188007
0.000370375735500263
0.0003723488429267451
0.0003731724960397308
0.0003726958581614459
0.0003709427221459005
0.00036799729245970197
0.00036411092176156617
0.0003591169255494125
0.00035274692843404717
0.0003449913909092774
0.00033588699712526075
0.00032572990040234955
0.0003145390929386226
0.0003023001982179162
0.00028896458759401187
0.0002747325116859406
0.0002597208032324249
0.0002440016892939901
0.0002275984839079694
0.0002108895330351455
0.00019361441981346
0.00017606940735186732
0.00015840099706982124
0.00014081569305307728
0.00012354251627061442
0.00010657344552205531
9.003650656702389e-05
7.415448384194434e-05
5.918256430804438e-05
4.544080750400135e-05
3.3148437291036676e-05
2.2457711018328204e-05
1.3405124383361298e-05
6.384387250452794e-06
1.8959105667175097e-06
3.273797932813259e-07
