0.0
1.6704610729331434e-08
1.6562278634314402e-07
6.01759881280048e-07
1.4796386765698786e-06
2.9507237278318352e-06
5.174401483594896e-06
8.311528879633058e-06
1.2518239299483194e-05
1.7947558938743602e-05
2.4764767188818626e-05
3.312059083476755e-05
4.3192009410656156e-05
5.516427322233608e-05
6.941141244429813e-05
8.617239591422754e-05
0.00010562811696900887
0.00012783375417403198
0.00015314520869049548
0.00018236405310224826
0.00021591690820670325
0.0002540381646636698
0.00029701598797658333
0.0003445653249443783
0.00039683285308286635
0.000454128763262951
0.0005163550317364377
0.0005846132599167546
0.0006586714412923465
0.0007386411954918629
0.0008249157896117196
0.0009176774654248489
0.0010171719968610328
0.0011227954269971408
0.001234834221958325
0.0013536899241410852
0.0014801559846878796
0.001613702608505127
0.0017540645305716563
0.0018999642877998084
0.0020528594154554983
0.0022118408660236634
0.0023795506605700082
0.002555609329424783
0.002740119460735001
0.0029351215931566546
0.003138740721760142
0.0033518538160422916
0.003573454864816253
0.003804878009090439
0.004044414437403743
0.004295037834149901
0.00455866331317063
0.004833950831685376
0.005122651650755813
0.005424528687138135
0.005738209674800324
0.00606071838927706
0.006395714301456316
0.006740371954090087
0.007096352095117383
0.007464461456217142
0.007844534749211913
0.00823589293261171
0.008637377492066268
0.009049552446448124
0.009474749184699937
0.009911890909138693
0.010360593338453992
0.010822815263018553
0.01130309195371218
0.011795578800562069
0.01229186571320031
0.012802099418309012
0.013327574241178525
0.013871957262239155
0.014429192983652835
0.015003847114746926
0.015593459817311693
0.016196631937880145
0.016812358648538566
0.017447748456444073
0.018103756271111486
0.01878427667242832
0.01948254875190481
0.02019449874304798
0.020927843284468308
0.021682354509240654
0.022455371437337408
0.023250470179880495
0.024070767095494442
0.024908253938867416
0.025763182161905127
0.026648292148215156
0.02755867565853736
0.028494036709994796
0.02944957028683345
0.030423610468799406
0.0314205992729618
0.032438538188406175
0.033472375146136976
