0.0
1.291742848747372e-08
1.205359914278801e-07
4.092733712586044e-07
9.341433945279139e-07
1.7156469237168923e-06
2.7535737648948123e-06
4.05086873398873e-06
5.566159252737389e-06
7.231065413471284e-06
8.979115440464567e-06
1.076306797060873e-05
1.2509613287352546e-05
1.4148476075935629e-05
1.560205306189876e-05
1.6800870287388638e-05
1.7671277127559366e-05
1.816731291063698e-05
1.82756676539634e-05
1.7975772695130265e-05
1.7238692659292018e-05
1.6067754588278286e-05
1.449202511912972e-05
1.2583961125672047e-05
1.0443061243187235e-05
8.19938451930907e-06
5.93154611993831e-06
3.8137721448702886e-06
2.0305052791439694e-06
7.887457729956031e-07
3.319687021562214e-07
