0.0
1.3965632996014352e-08
1.3056874154402866e-07
4.514929882784368e-07
1.0554242223582073e-06
1.9814186231622133e-06
3.2574477601660036e-06
4.927245325682903e-06
6.9697947887384695e-06
9.36896347277782e-06
1.2062462933988968e-05
1.4988201999047134e-05
1.811143851265249e-05
2.1377898212391206e-05
2.4725656029190584e-05
2.8013866221441992e-05
3.120488205317594e-05
3.423522796642492e-05
3.7033144774883e-05
3.952784567344753e-05
4.16904638101458e-05
4.3389692265735114e-05
4.461168453891512e-05
4.51956534364128e-05
4.52550812180974e-05
4.47420019125633e-05
4.361915667430092e-05
4.19009653109678e-05
3.9629930965237744e-05
3.6799750375807366e-05
3.347101542624684e-05
2.976871998366025e-05
2.5765374192896444e-05
2.1579217302191853e-05
1.7309482503707338e-05
1.3109656967145196e-05
9.170927113169544e-06
5.700102551024314e-06
2.8952874628096387e-06
1.0129349383542308e-06
3.3586014889942257e-07
