0.0
1.3931065664620235e-08
1.3544523685653302e-07
4.7617902186321823e-07
1.1229264455913264e-06
2.1175432741879063e-06
3.503870228156786e-06
5.302106640763189e-06
7.539207346526373e-06
1.0237653241633451e-05
1.3373901584135693e-05
1.6911730602293712e-05
2.086623907146137e-05
2.5174618153077516e-05
2.973506898522869e-05
3.450947938805503e-05
3.944573585672685e-05
4.44900925064131e-05
4.96047939733254e-05
5.4651009658566274e-05
5.9579565192186184e-05
6.428628787704165e-05
6.873352597790963e-05
7.277029048933548e-05
7.640308558129179e-05
7.957947962668047e-05
8.222706681552361e-05
8.433646000943092e-05
8.587282233606149e-05
8.67515547277249e-05
8.692494211307936e-05
8.635457798282923e-05
8.51365171834025e-05
8.310747238701103e-05
8.031897522744139e-05
7.682832772590359e-05
7.262127847814584e-05
6.786182222723024e-05
6.251869113322563e-05
5.667737330280598e-05
5.039449987746373e-05
4.381767856440488e-05
3.7100097442498095e-05
3.043278632472581e-05
2.3953362059093765e-05
1.7815433348514917e-05
1.2247707498198129e-05
7.442934400899593e-06
3.673229672266327e-06
1.2057579210462888e-06
3.2761417497221463e-07
