0.0
1.4278124502014727e-05
0.00019317678570810105
0.0007718734672144732
0.0019177536159695181
0.0037955869963088706
0.006556131768213665
0.010135866140427182
0.01468755921713108
0.019896033791812213
0.02554028183643571
0.03154010134585081
0.03787527391086859
0.04453621456825135
0.05117862822061267
0.05813852944041607
0.06524249656434875
0.07225490377589115
0.07908191192296044
0.08516836006055545
0.09084850602143611
0.09541246384831988
0.09870411823082802
0.10071684966981556
0.1010297828102788
0.09954322263233024
0.09653936810687863
0.09185031465221191
0.08598883892187992
0.07904528547855535
0.07157331430782109
0.06320820248908127
0.054111116283334725
0.04441249774558248
0.03484743086323864
0.02583095180039585
0.017614229203821018
0.01063924748261594
0.004986019022791408
0.0013151749334525367
3.2077520468198546e-07
