0.0
1.627348880179428e-05
0.00018394160250224232
0.0007460165271698873
0.0018463373477321018
0.003772792342137481
0.006973003929774606
0.011377502566043437
0.016798357955317686
0.02326108506762019
0.03074187120880911
0.03971631544024018
0.04989929520528832
0.061294792441458266
0.07386633106514601
0.08757750530236671
0.10162919085616871
0.11699861236263566
0.1320750640584706
0.14603130737063108
0.1597482247427866
0.1738081665476199
0.18913377272560025
0.2041351644231067
0.21848257587597422
0.23226372961690195
0.24672033421691403
0.25937956886905633
0.27177812344816815
0.2832337151607549
0.29322595435599275
0.3016961810750766
0.306803289492375
0.3100454185454876
0.3124571663099628
0.31348435637034683
0.31231903907906344
0.309291216260544
0.30346007528120017
0.2953521099428627
0.28428240964725876
0.27246207315825766
0.2598083407491206
0.2471066868274699
0.2323996884702726
0.2169777499336388
0.19978344086565145
0.18140938987835808
0.16266934541122896
0.14239658469255115
0.12130131867770541
0.10062776152951576
0.08110469870570251
0.06304525310114623
0.0471696055802441
0.03374351766177053
0.022415055974262934
0.013178977606661837
0.006109037437038011
0.0016220225934985288
3.4466116759299735e-07
