0.0
1.2359272800216134e-05
0.0002197916717081393
0.0008578248544924272
0.0021440244529737805
0.004133065797649014
0.0066988373521063484
0.00980593636156347
0.013490756157733924
0.017525988257572105
0.021805548897359292
0.02609708022566907
0.030146769492499368
0.03385423255798467
0.03729445162927594
0.039972239351155334
0.041877418081219475
0.042801097201028954
0.04282806062727926
0.041943415213614194
0.039920206963665786
0.03709457921214515
0.03320722597660702
0.02835452731827618
0.023220216617246988
0.017796107529817383
0.012567845576929566
0.0078060920310950525
0.0038371050139416442
0.001064216474947995
3.344627555887731e-07
