0.0
2.8466960626896542e-05
0.00034902407764167507
0.0012932413898162046
0.003161410157143003
0.006445430329153961
0.011172054339464953
0.017251521321194334
0.024891999573766466
0.03431888260251896
0.04611191404994209
0.06012855528136098
0.07552769308516834
0.09314251184239403
0.11285770078355066
0.13387419860204175
0.1579076916347507
0.18356512504318
0.20967960132037514
0.23491312797060998
0.260437679336066
0.2890936918009457
0.3190388135580159
0.3517727035386985
0.3875236927356523
0.42205596979230925
0.45792840727776474
0.4937012331343732
0.5330784739689014
0.570817131051015
0.606268014672828
0.6424306086635349
0.6768621845553485
0.7084202099915416
0.7423417263536161
0.7735734510498852
0.8027968862708413
0.8253011328512662
0.8464163830030188
0.8665897377120538
0.8839209309404721
0.8962275411685543
0.9087973214836074
0.9198681453582432
0.9245526898915701
0.9258334393031253
0.9247342407258735
0.9237127959945426
0.9223931075411745
0.9235819501537684
0.9206587369733461
0.9151126904375824
0.9081078142491571
0.8948702207667738
0.8778441262901981
0.860543942992108
0.8403410352908111
0.8180502946058502
0.7968707717464893
0.7743957365355352
0.7510070483664745
0.7278083404111844
0.7057030901081706
0.6854908062114318
0.6649530748737903
0.6426533116213812
0.616267187772129
0.5896161760762083
0.5615224483034192
0.5289883830058951
0.4946263112531807
0.46103233583299125
0.4255139609098676
0.39112077254105376
0.3589912298312904
0.32580773051207523
0.29077340305848676
0.2578063964596381
0.22593384634393537
0.1950774105094837
0.16606479981183736
0.13971223999137203
0.11534902488047076
0.09032124189369657
0.06839205783362767
0.048286326011092506
0.030921200562836225
0.01717026981291116
0.007481231907245736
0.0019131227929234536
3.455282275831238e-07
