0.0
2.287837677898154e-05
0.00033156622640262976
0.0013571884538422071
0.003533582168587699
0.007296543092320156
0.013081445732653702
0.0213191061627334
0.03244794927788618
0.04690439187081143
0.06512318151463362
0.08754033293865192
0.11459828643259105
0.1467450186688356
0.1844090721908362
0.2280448860156274
0.2780683340467834
0.3349194008070743
0.39905668527554383
0.4709032878445411
0.5509249164019571
0.639554708395213
0.7372860601099429
0.8445500829510874
0.9618179025470249
1.089551402354737
1.2281688522951482
1.3781150234429496
1.539839173498653
1.7138292647681888
1.9005324160394008
2.1003813106524247
2.3138541021436025
2.5413803046445893
2.7834163751254213
3.040426373954273
3.3128992002349826
3.6013496901137194
3.906213226213048
4.22788627003201
4.566883832795585
4.923727378205284
5.298891739109867
5.692708656525414
6.105705037597822
6.5383587246145
6.991155824882944
7.464677696115902
7.959295775635052
8.475558688864783
9.013928779960882
9.574925058465524
10.159018192193692
10.766640446055602
11.398285143427561
12.05444297272677
12.735484902769281
13.44202126885171
14.174377729840776
14.93318688981341
15.718863558965564
16.532095153270244
17.37340079690477
18.243070546855616
19.141678125593817
20.06969705225562
21.027596365954192
22.01603167252951
23.035555519113615
24.08648937563285
25.16947822623062
26.284957183090523
27.433472034759546
28.615492406534976
29.83155878294769
31.082115643929512
32.367838141964434
33.68937268352311
35.047035870674264
36.44134782720705
37.87271108439442
39.34140310758381
40.848128438271985
42.39336052315506
43.97746432396768
45.600883717747045
47.26450121908575
48.96882912699378
50.71448160831622
52.50175334505373
54.33114756470125
56.20325350599033
58.11867375042489
60.07779724828139
62.081406329577575
64.12995472958208
66.22415135921713
68.36441512758488
70.55092743910276
72.78456096105089
75.065755189057
