0.0
1.6503913147801182e-07
3.2775635837286625e-06
1.3604073683369057e-05
3.4697730090471976e-05
6.932948873244017e-05
0.0001195245944018384
0.00018655144449384545
0.0002712692304176274
0.0003741146063542836
0.0004948200283765159
0.0006327212096263656
0.0007868027128205586
0.0009555040769594339
0.001136936500045492
0.0013292559317203368
0.0015299268541757091
0.001736005684629567
0.0019455540877217532
0.0021551486548902358
0.00236217943374354
0.002563792608067503
0.00275692624960632
0.002937951470322621
0.0031055507552632594
0.003256263722661258
0.00338771171605215
0.0034991247666985993
0.003586845074012808
0.003648466143386861
0.003683718835583235
0.00369108168900171
0.0036690724746814983
0.0036178957842228723
0.003537365804060626
0.003427905498178923
0.0032908922973019727
0.0031292024059731507
0.0029438316649088195
0.002737920059054678
0.002516168488038282
0.0022830656334158015
0.0020440041362911076
0.001805397149435996
0.001572676627103943
0.0013535206804871842
0.0011578351251662082
0.0009955454773863143
0.0008782566507643964
0.0008184968971364934
0.0008303276748652337
