0.0
1.730821157286051e-07
3.403999547252658e-06
1.4204488356385919e-05
3.6457781985012734e-05
7.348635627111747e-05
0.00012780261479844435
0.0002012759766681514
0.00029549258917321646
0.00041134709902436223
0.0005493267988060336
0.0007090727101540014
0.0008903826822917806
0.0010924514953499528
0.0013142138772348087
0.0015542955609573225
0.0018113896317969581
0.002083021496963232
0.0023673441344779283
0.0026615075158384484
0.0029628731268979435
0.003269376498776471
0.003577692122142994
0.003884169219189697
0.004186525037380903
0.004481635727924238
0.004766344551363176
0.0050381804721038245
0.0052938505194348884
0.00552982260924954
0.005744576363299145
0.005935913757976696
0.006099660020386712
0.006233374537235595
0.006335343083167342
0.006404939215468959
0.006441024619862519
0.006442620081638279
0.006407479937816293
0.006335299824926847
0.006226129152159676
0.006080112908831897
0.005898890619613477
0.005684181254631611
0.005434233023331245
0.0051538925240694105
0.004845924449163185
0.004515349510277379
0.004165704990326985
0.003799695430530017
0.0034230234103215175
0.0030424789652847765
0.002664327331634043
0.0022971398406787294
0.0019484693527946457
0.0016278295805926212
0.0013444392637944047
0.0011099977754049214
0.0009375518037064326
0.0008403540520849733
0.0008321391199979098
