0.0
1.5990215128159226e-07
3.1549047825280334e-06
1.2979764492674178e-05
3.2693633319728366e-05
6.452711134195592e-05
0.00010985939825427393
0.00016943761749248375
0.00024316865510385296
0.00033069466926058475
0.0004307698623318354
0.0005421924702084332
0.0006627809235936075
0.0007906677728028337
0.0009229729580347251
0.0010571865882075247
0.0011907474829153347
0.0013207205353705511
0.001444609255637223
0.0015595947226691466
0.001663050849652213
0.0017525983760885338
0.0018257403560031698
0.0018806077193608437
0.0019161039748084173
0.0019306763375890846
0.0019236741863718702
0.0018953460265729105
0.0018456017209473893
0.0017752986707054912
0.0016865990214166118
0.0015824976287081257
0.0014661774534299298
0.0013418925057247762
0.00121429329507775
0.0010904164071974798
0.0009773705774321871
0.0008836959788468749
0.0008197080685989368
0.0007971735343652
0.0008292412456996632
