0.0
1.8857272406707205e-07
3.5508667719958096e-06
1.4796995700996338e-05
3.812657274218621e-05
7.714551571691001e-05
0.00013478862106331777
0.00021330001068531638
0.0003146829139870678
0.0004400398382625811
0.0005905503050536377
0.0007668856820967578
0.0009686296432811167
0.0011962773620201306
0.0014488167182432662
0.0017252934491212796
0.002025538462944586
0.002348250726399886
0.002691185617780301
0.003052518215617141
0.003429902401612104
0.0038207492775211467
0.004222378382744328
0.004632728695084791
0.00504909972828354
0.005468913236907244
0.005889241194921471
0.006306850887474949
0.006717932682362897
0.0071193180301412605
0.0075093977720650865
0.007885962177558088
0.00824495576523797
0.008582726485208818
0.008896448927495092
0.00918442414872975
0.009442528619025895
0.009669241969258028
0.009861641723360884
0.010017956646035497
0.010135972910086569
0.010213602207363996
0.010251886562465975
0.010246609475589724
0.010197969374760831
0.010105098784670932
0.009968956118703482
0.009789546648904692
0.009567470619582977
0.009304148909829155
0.00899753523090392
0.008648820256148718
0.008264376655381064
0.007846330729010621
0.0073971868007245275
0.006921313327897878
0.006421773502190853
0.005900428206470805
0.005367421275449698
0.004828151267470734
0.0042887681507392745
0.003757996695955389
0.0032400205389033613
0.0027452945098810533
0.0022828657880776143
0.001864576282892701
0.0015001722779640638
0.001201936424830878
0.000982023885829821
0.0008546291683534889
0.0008331425073523226
