0.0
3.7651402775784495e-07
6.1213678028133204e-06
2.5673556648997417e-05
6.723637102723437e-05
0.00013902858367390754
0.00024935412556598477
0.0004065216413116116
0.0006189338438595691
0.0008945404134071551
0.0012417830045682156
0.001668977674434445
0.0021845167508096966
0.0027970352169263625
0.0035150319214970653
0.004347093089009247
0.0053019560706980455
0.00638771837662299
0.007612890497828297
0.008985643020196594
0.010514432095281355
0.012208474912959356
0.014075855141343569
0.01612484592205402
0.01836373118742436
0.02080168026286086
0.023446316364462497
0.026306800477632244
0.02939076055634038
0.032707359430313575
0.03626490607644717
0.04007235306312112
0.04413674800506231
0.04846630832755308
0.05306955540891669
0.05795533145304023
0.06313182593338726
0.06860751371297664
0.07439034089152431
0.08048943219172716
0.08691360218890605
0.09367055997915591
0.10076755150601377
0.10821303612730032
0.11601479846915298
0.12418177779018132
0.132720300388503
0.14164105134501215
0.15095313540697228
0.16066659405827452
0.17078771708814117
0.1813230333411407
0.1922812761728818
0.2036719275677079
0.2155064623439086
0.2277936631067775
0.2405393693540734
0.25374978909891105
0.26743693596633333
0.2816079647942233
0.2962715234920768
0.3114372607479468
0.32711193580355574
0.3433039460916997
0.3600226894875201
0.37727566311462896
0.3950730889763338
0.41342226520980474
0.43233253422039875
0.4518123266183836
0.4718692885534432
0.49251181226773083
0.5137525183839274
0.5355953090559451
0.558048144899347
0.5811204887841351
0.6048165415952125
0.6291509184914081
0.6541312503569156
0.6797630091507398
0.7060534147706512
