0.0
1.4959222665757278e-07
2.9705260813591583e-06
1.2029342428708765e-05
2.977267860382006e-05
5.762720969829051e-05
9.617498787374201e-05
0.00014508603305259427
0.00020349745612980143
0.00027004093830213
0.00034286173262211984
0.00041965946501990265
0.0004978744978241024
0.00057513419079717
0.0006486626255519397
0.000716112643136729
0.0007753805471636458
0.0008244419974208133
0.000861933219598809
0.000886512911055
0.0008981827072443374
0.000896895430008213
0.000883565961179727
0.0008604398712843861
0.0008304631352277358
0.000797368342164995
0.0007664196569421689
0.0007445644930746377
0.0007399669658265305
0.0007621574505498989
0.0008235967052576729
