0.0
1.84884493284946e-07
3.5849827035671813e-06
1.5048344228343957e-05
3.891885414011248e-05
7.905647031206503e-05
0.0001388057211712521
0.00022074500172653163
0.0003275293663576765
0.00046087300080693096
0.0006223418763064521
0.0008132333536637047
0.0010335611418593503
0.0012847107948786352
0.0015661874336536093
0.001877393560289922
0.0022190137847129653
0.00258878129323414
0.002985801499653317
0.003409215531517656
0.003856802098364318
0.004327113927618693
0.004817369855422419
0.005324458759407588
0.005847338692669755
0.006382955571842219
0.006929219193445033
0.007483313473681503
0.008040732422950815
0.008599152034064823
0.009156942017821246
0.009711636583008316
0.010258421316018913
0.0107945137023999
0.011318802289286613
0.011824572509887308
0.012309003553822856
0.012770481225552207
0.01320697853498976
0.013615597176717703
0.013990303268181584
0.014328884798769632
0.014630765791228025
0.0148947971767515
0.015118992600938234
0.015299626937534151
0.015433895891030423
0.015522630264483445
0.01556145989313808
0.015548738483751177
0.015486911035685422
0.015373855913105038
0.01520818725599597
0.014990246117352637
0.014722864635248053
0.014406224189011966
0.014040023829431786
0.013625933954035876
0.013161893667259453
0.012655442916878324
0.012108259018362513
0.011520945883209802
0.01089958203246938
0.0102469110629721
0.009565381744510873
0.008863398717799611
0.008144961395575063
0.007415577143187871
0.00668513289920555
0.005957240733205493
0.005240228584518189
0.004539818006784271
0.0038679591978063852
0.003235684057333788
0.0026527115794364726
0.0021278326180299697
0.0016735735690259568
0.0013041720277109205
0.0010321307593690137
0.0008710194010819639
0.0008340207943053122
