0.0
2.9753943256113386e-10
5.808322473918336e-09
2.442643658374293e-08
6.294750332358932e-08
1.274605471173596e-07
2.2273470849244356e-07
3.53376098146929e-07
5.230160110676046e-07
7.339322407420877e-07
9.882986012729278e-07
1.2872192493897978e-06
1.6303035230641276e-06
2.0178702366170807e-06
2.448625071484114e-06
2.9204212377990836e-06
3.431146061245464e-06
3.978719758433265e-06
4.5580237771579526e-06
5.168792852909801e-06
5.806407309362427e-06
6.468348167056743e-06
7.149478723472068e-06
7.846626841193583e-06
8.554218061772859e-06
9.264854465386407e-06
9.975043494814182e-06
1.0680169596454345e-05
1.137226819645363e-05
1.2045516997616361e-05
1.2697185592058005e-05
1.3315917391834589e-05
1.3903440282603111e-05
1.4454420248115833e-05
1.4960830102667828e-05
1.542590664485884e-05
1.5843514731558907e-05
1.620190515704384e-05
1.6498079944336453e-05
1.6735908289424987e-05
1.6913438058124628e-05
1.7022068693423644e-05
1.706403826898838e-05
1.7035097244808162e-05
1.6930449875880982e-05
1.6752348965384938e-05
1.650782714232243e-05
1.6186721431641095e-05
1.579506267964601e-05
1.533320159045863e-05
1.480677628661095e-05
1.4218210530737966e-05
1.3561490128651728e-05
1.2842474693022376e-05
1.2066359906477873e-05
1.1238603182124448e-05
1.0359334039287393e-05
9.440442154940963e-06
8.498121787377232e-06
7.546539589849937e-06
6.579682885072097e-06
5.624289472092835e-06
4.694190867101514e-06
3.797751191486053e-06
2.9522746170803527e-06
2.171515886841851e-06
1.488434790586689e-06
9.072714793645705e-07
4.6471613567739904e-07
1.8170586459421586e-07
8.35599859560702e-08
