0.0
2.3730254804928357e-10
4.876725893931565e-09
1.9796447914183576e-08
4.89688336013823e-08
9.47226634944829e-08
1.5783568051284154e-07
2.3749503888400258e-07
3.315358577154453e-07
4.367842255735775e-07
5.503761574640897e-07
6.678852151067949e-07
7.852363342350246e-07
8.976453278069933e-07
1.0000664686211215e-06
1.0879400594391717e-06
1.1572836901410545e-06
1.204190270652663e-06
1.2255162117962739e-06
1.2192054700247313e-06
1.1841584860621697e-06
1.1199724725953657e-06
1.0288174413316937e-06
9.124763555974153e-07
7.763470621651525e-07
6.27816853174128e-07
4.744031480172963e-07
3.283657365920241e-07
2.0171197040587217e-07
1.1298378694556218e-07
8.34741468924321e-08
