0.0
3.3845822448901966e-10
6.3760114102863894e-09
2.676785440665979e-08
6.900868762934991e-08
1.405182271321999e-07
2.477215112565078e-07
3.966277839916744e-07
5.931908917061619e-07
8.40457099607918e-07
1.1419799045423562e-06
1.5021536818919854e-06
1.922929209808306e-06
2.4060277397962354e-06
2.952338790548914e-06
3.5631875998516205e-06
4.2405582223414694e-06
4.9845806802942354e-06
5.79336406103829e-06
6.664506409744827e-06
7.597709038147661e-06
8.595403104286995e-06
9.648481435244492e-06
1.0759415652407138e-05
1.1920835761825687e-05
1.3134381827926663e-05
1.4395318908279284e-05
1.5702001684678004e-05
1.7052018765802753e-05
1.8436161463314382e-05
1.98428608847757e-05
2.1277276870539668e-05
2.2729561189318193e-05
2.4210617263797215e-05
2.5702388884038096e-05
2.7202868435503558e-05
2.8709132013206748e-05
3.0216496036845513e-05
3.171140071667162e-05
3.319179233941608e-05
3.4645765220164995e-05
3.607989689712897e-05
3.748798261725526e-05
3.8861809727673136e-05
4.0176899077890374e-05
4.144768305826438e-05
4.267713454895106e-05
4.385185226105934e-05
4.4958690146238334e-05
4.599924949169253e-05
4.697193012703317e-05
4.785449768661769e-05
4.86672275905057e-05
4.9394175869945474e-05
5.003097875420611e-05
5.0564286495799204e-05
5.10140651140012e-05
5.136139139789297e-05
5.160985614539211e-05
5.175795167173739e-05
5.180485209549919e-05
5.174215801983467e-05
5.1571489278361734e-05
5.12955465954556e-05
5.08923398417552e-05
5.0389317927956736e-05
4.97833506593678e-05
4.908996358270418e-05
4.8272089317689205e-05
4.7338335189896184e-05
4.6287131813407085e-05
4.51413236624171e-05
4.38996414203173e-05
4.255924811844509e-05
4.1120203614835936e-05
3.957855566046853e-05
3.795522827542556e-05
3.6257935061908133e-05
3.448567991910917e-05
3.2657346200289e-05
3.076563479701179e-05
2.8846253205773133e-05
2.68967079131841e-05
2.4901228823742216e-05
2.2893339115455117e-05
2.0880333171654145e-05
1.8861967490674046e-05
1.6874786328452714e-05
1.4921347339244365e-05
1.2992857843711599e-05
1.1102775747840447e-05
9.293969136245844e-06
7.594047353980264e-06
6.025802575381765e-06
4.591580387068423e-06
3.3154030247119587e-06
2.2149116457611937e-06
1.3186264183072888e-06
6.509354763442159e-07
2.2981260683862251e-07
8.323167403317195e-08
