0.0
2.91875310882655e-10
5.540314353526504e-09
2.2911125112678625e-08
5.833927045499267e-08
1.1633719989845401e-07
2.0022983341155125e-07
3.1244000627106116e-07
4.543842013675626e-07
6.266450556423601e-07
8.291402890760747e-07
1.0602345274662466e-06
1.3177086141904073e-06
1.598987992886322e-06
1.9017369985363511e-06
2.2225898964508908e-06
2.5555558669377654e-06
2.8968892669318086e-06
3.2412443290298e-06
3.586759604875753e-06
3.926735584586828e-06
4.2553482636579e-06
4.568116123542459e-06
4.861371661709618e-06
5.130082326907673e-06
5.366757177564296e-06
5.569406143432792e-06
5.734543390117778e-06
5.855787871782461e-06
5.931299980578627e-06
5.961540402230328e-06
5.942791195999221e-06
5.873815104027071e-06
5.752273957883136e-06
5.579236613825336e-06
5.355196503695076e-06
5.084440172859936e-06
4.769620527674876e-06
4.412354955348939e-06
4.019200313299802e-06
3.597214276263395e-06
3.1510776564706226e-06
2.691369299538511e-06
2.228122116295668e-06
1.7736246067995866e-06
1.3411872510045475e-06
9.450459233621682e-07
5.998816878867896e-07
3.257370064946695e-07
1.4586195354375426e-07
8.32847401198201e-08
