0.0
2.5279684232586834e-10
5.250189450590116e-09
2.1652211748682405e-08
5.4526633156107776e-08
1.075427028666634e-07
1.8296217497988238e-07
2.822997883725074e-07
4.051881849369977e-07
5.505867978163818e-07
7.164423591334227e-07
9.00558049454767e-07
1.0994476695713909e-06
1.309158679708505e-06
1.5250316353376247e-06
1.7422251742247298e-06
1.9552946868368894e-06
2.1599299665625293e-06
2.3507779091754542e-06
2.5241944960111383e-06
2.6764202743910916e-06
2.80237815634997e-06
2.898513020922294e-06
2.9602575953372443e-06
2.98685559264774e-06
2.9737874530804956e-06
2.921462424101779e-06
2.8272699117375186e-06
2.6933244388746556e-06
2.5205710764710526e-06
2.3152817812221767e-06
2.0806330495804653e-06
1.8229915961719324e-06
1.5484704570726383e-06
1.2639822507320225e-06
9.796318029125277e-07
7.077178730214488e-07
4.636875736866496e-07
2.6394916573362155e-07
1.2950515680941106e-07
8.323342507752283e-08
