0.0
3.127296992719469e-10
5.926058265919598e-09
2.4622875617634103e-08
6.365431269926805e-08
1.298224732567384e-07
2.2819000196855564e-07
3.6376291028772263e-07
5.401546733119662e-07
7.592124381335826e-07
1.0244604407294188e-06
1.338721322611456e-06
1.7040099399646838e-06
2.1192221507505085e-06
2.5859614318557225e-06
3.102496632663091e-06
3.6686097860393244e-06
4.279963491231829e-06
4.935936363742744e-06
5.635322314576336e-06
6.374101519444064e-06
7.152520869710134e-06
7.964841203722834e-06
8.80153710496656e-06
9.661869133245603e-06
1.0543161420959067e-05
1.1446662484271915e-05
1.2369120385013159e-05
1.3303953107745113e-05
1.4240722954044235e-05
1.5177163812446195e-05
1.60990534023444e-05
1.700750156322137e-05
1.7899585751980136e-05
1.8761063211902105e-05
1.95953765815676e-05
2.0395990236247828e-05
2.1156323484132224e-05
2.1874483526238052e-05
2.254810456631392e-05
2.3164041875821292e-05
2.371973155021504e-05
2.4215564114831993e-05
2.4649984243213296e-05
2.5020835189014825e-05
2.531982899094805e-05
2.55338727815723e-05
2.567082273602865e-05
2.5714798343746256e-05
2.5679029668818606e-05
2.5555565129871968e-05
2.5349796919980524e-05
2.5063892724494877e-05
2.469880805119904e-05
2.4237552074365232e-05
2.3701040685781955e-05
2.3079113091257117e-05
2.2390369280017607e-05
2.162177388436679e-05
2.0765039625272155e-05
1.9840096151695546e-05
1.884577117197795e-05
1.778513774977976e-05
1.666338156093343e-05
1.5500397816208124e-05
1.4298328226000598e-05
1.3059889306372307e-05
1.1798400156166398e-05
1.0520816796462024e-05
9.255084979299903e-06
8.01404432805403e-06
6.803724823918323e-06
5.618491143446072e-06
4.49761079027222e-06
3.456156286641815e-06
2.5146666468396597e-06
1.695529214541879e-06
1.0257828759633636e-06
5.203221308547341e-07
1.9555875490345727e-07
8.324546080540889e-08
