0.0
6.909376218675901e-10
1.1184978081760099e-08
4.620434044288282e-08
1.202410719387717e-07
2.4768908999360527e-07
4.4315558089452594e-07
7.211107146079764e-07
1.096179857364797e-06
1.5822269427146205e-06
2.1936440240294535e-06
2.944287977536427e-06
3.848468599848677e-06
4.920579714709437e-06
6.17565184195094e-06
7.627897760521951e-06
9.291636932946699e-06
1.1181611426780176e-05
1.331284430991844e-05
1.5701082969889583e-05
1.8360293433714498e-05
2.130484157498433e-05
2.4549608976550537e-05
2.810962617248746e-05
3.19992063381015e-05
3.623279107261499e-05
4.082559633791844e-05
4.5791759267519e-05
5.114739189925663e-05
5.690684277190894e-05
6.308492502932847e-05
6.969840251227513e-05
7.676191135865967e-05
8.428713904917407e-05
9.228920551858708e-05
0.00010078312378437465
0.00010978605185363881
0.00011931176371649972
0.0001293741014244138
0.00013998585858233478
0.00015116410671615538
0.00016292315258182067
0.00017527649587470537
0.00018824037087388995
0.00020182743142958579
0.0002160543012115122
0.00023093527649952863
0.0002464846919832626
0.00026271585281843583
0.00027964412645649014
0.0002972847637267173
0.0003156515314593337
0.00033475665336574174
0.0003546168324570559
0.0003752456564904307
0.00039665917251412814
0.0004188694997524582
0.0004418886039812342
0.00046573239678476965
0.0004904160220022893
0.0005159542995758515
0.0005423631489785617
0.0005696581673100894
0.0005978481605120619
0.0006269521608362961
0.0006569841068922634
0.0006879527640303982
0.0007198814836120935
0.0007527903833515958
0.0007866879389505032
0.0008215891778194147
0.0008575042811571937
0.0008944515855893588
0.0009324498973878248
0.0009715080633077469
0.0010116339837818434
0.001052848123371972
0.0010951683913177294
0.0011385952859329937
0.001183150449267901
0.0012288583445934614
0.001275725679734783
0.001323763297618206
0.0013729863606620455
0.0014234148393461432
0.0014750548536851058
0.001527935625390027
0.001582065656287271
0.0016374609414533353
0.0016941344838985225
0.0017521010569124004
0.0018113766803125883
0.0018719742668209594
0.00193390245881556
0.0019971766084904453
0.002061809618798652
0.002127821117824905
0.002195226969739518
0.0022640368102768314
0.002334264202983322
0.0024059280708024085
