0.0
2.7891900671751803e-10
5.658993919573185e-09
2.3695297734638763e-08
6.092416705087139e-08
1.227823997935214e-07
2.1351296165065982e-07
3.3680673305050044e-07
4.949137175221325e-07
6.895356028529341e-07
9.210577930046419e-07
1.1905470385740277e-06
1.4973612147435602e-06
1.8389236885009366e-06
2.2134695752443156e-06
2.61854476020906e-06
3.050345717216042e-06
3.507153517015697e-06
3.983328901585639e-06
4.4776844317249944e-06
4.985134403406755e-06
5.499872035816406e-06
6.0166068516105774e-06
6.528339901391915e-06
7.033747423164453e-06
7.524216211742287e-06
7.996550381073022e-06
8.44729640707893e-06
8.871150115342822e-06
9.264744373771076e-06
9.622969398995186e-06
9.936471576853128e-06
1.0203546851291225e-05
1.0414862772344882e-05
1.0567820829428327e-05
1.0664051055319142e-05
1.0700197929956773e-05
1.0673589019231021e-05
1.0584528206396633e-05
1.0435525915595796e-05
1.0221813465572118e-05
9.939913881236084e-06
9.599735042739473e-06
9.196927073472775e-06
8.738251075607904e-06
8.227336099143435e-06
7.662084110026145e-06
7.055809907690763e-06
6.414072258902438e-06
5.7493831981522785e-06
5.065564057143004e-06
4.371394590191524e-06
3.6819451742448345e-06
3.0030528577923583e-06
2.3564298007033966e-06
1.757227200533009e-06
1.2199824901368733e-06
7.57123502706965e-07
3.978769637439594e-07
1.6509574665863587e-07
8.341573064886777e-08
