0.0
3.1492811784164457e-10
6.129793927997394e-09
2.5888124692974485e-08
6.705413899303934e-08
1.3594952761466182e-07
2.3875664619011015e-07
3.8154860503206464e-07
5.680223477189243e-07
8.011759656661104e-07
1.0842147972730342e-06
1.4204338911539332e-06
1.8130828622626833e-06
2.2606706203560668e-06
2.7665960459137015e-06
3.328055148522764e-06
3.945631406412031e-06
4.620482029301773e-06
5.349777764421792e-06
6.134096713509229e-06
6.969451156839237e-06
7.85282724124702e-06
8.779901387009065e-06
9.752911597252971e-06
1.0763904620060995e-05
1.1810100056568029e-05
1.2890026252479413e-05
1.3997967244597477e-05
1.5126257900784203e-05
1.627465802434234e-05
1.7441085089439463e-05
1.8621026938761213e-05
1.980751003757668e-05
2.098899381350429e-05
2.215791498321707e-05
2.3324158451540123e-05
2.447638685389754e-05
2.560458342638379e-05
2.669885667342778e-05
2.7755934197834888e-05
2.8774929223582933e-05
2.9755211475217148e-05
3.0691109633354195e-05
3.157230411716114e-05
3.2405066330220734e-05
3.3163265844465034e-05
3.386352944479535e-05
3.45075788625735e-05
3.508393451314902e-05
3.558294809289103e-05
3.598664838139583e-05
3.6313978629143416e-05
3.6552400962779816e-05
3.668988041998088e-05
3.673669745456795e-05
3.669237110747931e-05
3.65573290570014e-05
3.631146133265738e-05
3.5963955704293225e-05
3.552767514513119e-05
3.499754303774876e-05
3.435199497907948e-05
3.361215087411993e-05
3.278144832353138e-05
3.186972111451604e-05
3.086947678845462e-05
2.978666344400628e-05
2.861736704294194e-05
2.7377795743870504e-05
2.60793290178024e-05
2.471736649016259e-05
2.3300085772766633e-05
2.183350413186724e-05
2.0330535513093617e-05
1.8783575493281887e-05
1.722194852034281e-05
1.5643887059508526e-05
1.4048082885709049e-05
1.2458347375555108e-05
1.0894373706533178e-05
9.36108470403146e-06
7.894755227233013e-06
6.500515166134467e-06
5.183033061840329e-06
3.971550813312215e-06
2.881722440101279e-06
1.933736059476904e-06
1.158809857471553e-06
5.778819708261897e-07
2.1126365716562052e-07
8.370046115232808e-08
