0.0
2.3953000394923114e-05
0.0003416918589678086
0.0013948857396395209
0.003627008900503028
0.007483326885829615
0.013408939987404951
0.02184518162055281
0.03324198288649405
0.048044797720605124
0.06669682939190329
0.08964344660943288
0.11733886950517408
0.15023861841634786
0.1887806646537192
0.23343232468463787
0.2846257790829537
0.34280903543688024
0.40844862668243215
0.48197977549865884
0.5638790971164308
0.6545866234286933
0.7546114744289889
0.8643935787582565
0.9844270454946894
1.1151779769367358
1.2570712287431063
1.4105609717052183
1.5761046406877905
1.754208341601364
1.9453391179367563
2.149942552478699
2.368492304756521
2.6014432786281065
2.849255238932551
3.1124055829424635
3.3914000227106147
3.6867490630662214
3.9988965750410053
4.3282658566896695
4.675390490116063
5.040779537278802
5.424936862156264
5.82820803335295
6.251103948256909
6.694129052550774
7.157781934338237
7.642669702203417
8.149173360603186
8.677825835397448
9.229122103442439
9.803569309723686
10.401656737679916
11.023815494686025
11.670542111118891
12.342353204610607
13.03962746959595
13.763002628907845
14.512822900189661
15.289705395858807
16.09410915109028
16.926711316148502
17.78803173977838
18.67835664960662
19.59829589928527
20.548315011897927
21.52890191707638
22.54070252033944
23.584291072949853
24.65995122208073
25.76833660505845
26.909905414953688
28.085204703664438
29.294740117810218
30.53898841156409
31.81841830261748
33.1337229897388
34.4854991553115
35.8740977236299
37.30005037508519
38.76372795961817
