0.0
1.397332262055136e-05
0.00022364292383270386
0.0009010569458939992
0.0022752456278010533
0.004541922203074836
0.0078453989227163
0.012228487340911354
0.01773920872333035
0.024477137026195306
0.032385774574016604
0.04144004226748468
0.051596087176075084
0.06286141059521551
0.07509293275748354
0.08820259722957688
0.1020706349169077
0.11650350751525139
0.13141963114771218
0.14667534953150116
0.16198867143448878
0.1770940922552836
0.19212357324709142
0.2067237137112779
0.22076474489183268
0.23395066199082287
0.2464414996627014
0.25801165241578927
0.26840513320850795
0.2774555401360165
0.28508253693971036
0.29123231765310087
0.29590868387736713
0.29901776805769525
0.3004621619148775
0.30022412540622967
0.2978584169754884
0.29370584661824406
0.2877476319305768
0.2800021206995504
0.2706642344495391
0.2597130382877728
0.24710617058902948
0.23351212519245845
0.21886627275130582
0.2030572386363822
0.1863318244165451
0.16892521173370906
0.15118948904766857
0.13309278698572471
0.11489760587598123
0.0971319828966185
0.08002652991175753
0.06378832051511955
0.04878708996216439
0.03530619877917175
0.023637251771838154
0.014093217458962089
0.006919768603729356
0.0023950798126931142
0.0008394606232876383
