0.0
1.2842237212099894e-05
0.000203167139035386
0.0007896265559074264
0.0019113761504272982
0.003634198748989695
0.0059847231222353164
0.00890231391423643
0.012318353082084888
0.016088375595206785
0.020077177595433864
0.024116902656765103
0.028054360767923125
0.031725327640224475
0.03494977721885848
0.037598499889600547
0.03951090469653575
0.040573747749864796
0.04074328843365629
0.03994517664030723
0.03819496187864737
0.035474597990545864
0.03192066735849037
0.027692229585865286
0.022965304622573644
0.01793639681750384
0.012933515135489593
0.008305461874876553
0.0044442865031972065
0.0017901406118638133
0.000833897443697086
