0.0
1.3501925659374048e-05
0.00021129504295531058
0.0008308783472890281
0.0020547563424409363
0.0039973224924524445
0.006735578960652851
0.010296098645677402
0.014685308761303214
0.019800400989942495
0.025600449005031143
0.0319376363429119
0.03871679219852502
0.04576784439972546
0.052978273745991566
0.060140859206681684
0.06706173521656487
0.07359923071067531
0.07953234919362767
0.08472846778421003
0.08903553830866347
0.09235266892685536
0.09462519563296422
0.0956297556414699
0.09531214671301376
0.09361810425920164
0.09066516356575126
0.08650691996126778
0.08103754801492483
0.07454990615937693
0.06724275460768994
0.059263558099140023
0.05084043060805354
0.0420822349984948
0.03340495582951573
0.025084965946911512
0.01742914396483644
0.010799688814251817
0.005533090876173688
0.0020645145954947086
0.0008325562983688377
