0.0
1.4798477185227098e-05
0.00022820352534344627
0.0009325530632085141
0.0023885043158796792
0.004783661652766761
0.008262970065121727
0.013013810209093922
0.01915669267108092
0.026813929653483743
0.03605810550574794
0.04699668514774558
0.05962651582736996
0.07396264255918653
0.08987323799682352
0.10736020282546212
0.12628230533651322
0.1466425713475417
0.16836188663997673
0.19124581258247061
0.21531788782015276
0.2404662769466887
0.26622823749889746
0.29274808866757734
0.3197081101927226
0.3469955221185309
0.3748545676860921
0.40300646564002657
0.43087882873645617
0.45840919963163607
0.4850644399524455
0.511146513075607
0.5361940716606884
0.5593234191863348
0.5811509617914016
0.6018638092430761
0.6214538440406794
0.639226028587003
0.6555933975182241
0.6701120005231025
0.6828884478668602
0.6937134743577617
0.7017328040311075
0.7076828940406419
0.7108715109905289
0.7113076849162118
0.7092016056639594
0.7044738992251861
0.6974143948400646
0.6878140616444472
0.6755515394902604
0.6605732263630384
0.6439289420009958
0.6253284622458782
0.6047746019834633
0.5825241876152509
0.5585562041605129
0.5332359567822139
0.5064417140632107
0.47884816222958526
0.4503474785484437
0.4208645627052003
0.39073204575341564
0.3603474170905219
0.33014221120860554
0.2997795287663459
0.2694588468724787
0.23949752936011223
0.21012658642790258
0.18173911730651726
0.15445379759514252
0.12853607275327228
0.10416803889959952
0.0817789020195821
0.06169502561928672
0.04393853247903571
0.02891038849172654
0.01696296163001043
0.008166412233985466
0.00272062183448233
0.0008361475643238252
