0.0
1.4624743614617706e-05
0.00022257067804848555
0.0008798615434060329
0.0022012276608750206
0.0043308387886764055
0.007375403192289378
0.01135771309185487
0.016319977602771905
0.022268551576481298
0.029172129241378356
0.036948337267650413
0.045510172968463485
0.0547393957880789
0.06458498009182499
0.07488951287992932
0.08542531111010886
0.096098405117258
0.10668739972990193
0.11728395029970433
0.1276366926084204
0.13754304562464564
0.14667535380851182
0.1550247871322357
0.1623733999814692
0.16850290781116103
0.1734896200515539
0.17706812083701629
0.179162804151135
0.17973415579500207
0.1788257964333273
0.17642161781191992
0.17247326691588405
0.16687575489857584
0.1599521678175562
0.15152931864688524
0.14166680669633
0.13068611902535832
0.11871361936652691
0.10614252315787305
0.09318684021084969
0.08006478817541207
0.06703808491272911
0.05432844191341725
0.04223739485155829
0.031070897486778794
0.021176556001911918
0.012793458403531723
0.006388537696604183
0.002275938320505708
0.000828771080769609
