0.0
1.4772348973750637e-05
0.00022927310960283492
0.0009263596714454994
0.002356843813370742
0.004732143849553203
0.008230636952995132
0.01290717143176917
0.01889331096066458
0.026278856841913525
0.035104383843022086
0.045280007434420164
0.0568337830790067
0.06967657274874602
0.08385815345313026
0.09936773565488759
0.11601310696189264
0.13360684757433602
0.15231763694697126
0.17187189726717778
0.19213196183693396
0.21294987370343466
0.23417820036967443
0.2556901960689428
0.2770510337339697
0.29806535069674645
0.31842544360463126
0.33813623727846115
0.35676954242568293
0.3749928278049759
0.39240155413750927
0.40854841300364575
0.42370983928453293
0.4374466610243683
0.4493006432220248
0.45930584426054866
0.4675157934577436
0.47326133024491224
0.4776357890826241
0.47972620094503915
0.47914486889425517
0.4765666731128296
0.47192885354185804
0.4652246205957843
0.4566010243329617
0.44614475225404615
0.4338048871306918
0.4194918288496979
0.4036672654723539
0.3858614362567498
0.36668877672812383
0.34606779468521626
0.32432860419618675
0.3014845181495485
0.27797713140421
0.2541641535530484
0.22997999336703323
0.20554343457036486
0.1814716172321427
0.1578677630358859
0.13519796641503537
0.11344074505754843
0.09276252138527717
0.07339870775303758
0.055675501455101715
0.040001712221596084
0.026565254317124358
0.015643566876346673
0.007564215980395354
0.0025585879609854936
0.0008477264998908557
