0.0
2.622944667170626e-05
0.00027769838693475366
0.0009997106949184778
0.002390871796647941
0.004588542618102136
0.007674690431310046
0.011699312362529525
0.016735374565275685
0.022731836350393095
0.029705164196104528
0.037567250458327185
0.0462911602401481
0.05575801663815005
0.06584473912156416
0.07641180027390959
0.08724345471611507
0.09820903864993714
0.109252887197876
0.12012224466508413
0.13065267813061865
0.14073217880710825
0.15018880728952844
0.15885414405241016
0.16654343122831228
0.17304573627398692
0.1783768064953071
0.1822580964219019
0.1847370908721755
0.18557633473353613
0.18471356190518495
0.18228722268572206
0.17828542305605666
0.17277157670796842
0.1657125254326263
0.15726756900892752
0.14730328317997576
0.13619698613028544
0.12420405114821675
0.1115139454996327
0.09819471326456358
0.08449860725093783
0.07079391158391403
0.057432627430041974
0.0447454964035645
0.03290725990555271
0.02235669316785212
0.01349123265327191
0.006702471281055979
0.0023550453875170645
0.0008354531611113857
