0.0
2.4759437591380104e-05
0.0002606061714193644
0.0009294757607668063
0.00219596013390399
0.0041801980879536595
0.00692669610010456
0.010456511369897907
0.014770578072534055
0.01978277412180195
0.025439584108740036
0.031648561852158835
0.038278830005120036
0.04518045337059404
0.05222547158467851
0.05921212675254716
0.06599588581703336
0.07241130396684023
0.07825962672364016
0.0834540438517023
0.08783255044775624
0.09127754694156626
0.09366624726816425
0.0949115117638667
0.09490464326479467
0.09360685822142034
0.09094317028863842
0.0870315950237341
0.08191954232257743
0.07566323291151084
0.06848996182646024
0.06051695237375821
0.051963557860668565
0.043153596984801056
0.03434079225574939
0.02585354113294577
0.017996384685980343
0.011152414143216579
0.005717176310616104
0.0021170263570655617
0.0008378119511356915
