0.0
2.397787860606566e-05
0.000248384457106982
0.000866751681815039
0.002000769384826154
0.0037096379713954806
0.006005551967429689
0.008845210545234416
0.012167838837847972
0.015842513787641486
0.019718411067974447
0.023682086717431907
0.027584127586277134
0.031205927055047867
0.03443408038024461
0.03707473273627469
0.03898695802351127
0.04006882517499528
0.040287065728444274
0.03960251730844017
0.03792714176644283
0.035311507208485186
0.031844460343202326
0.027667381208406
0.022955618648051127
0.017963666912249793
0.012989802208982612
0.008355661703357095
0.004468411697134311
0.0017950331067864006
0.0008273055697420804
