0.0
2.770663044603664e-05
0.00028973737321263775
0.0010462728219845726
0.0025308611493400743
0.004953252925518259
0.008452330604707991
0.013177834496069588
0.019194814308521716
0.02658811849931368
0.035332615146959616
0.04553282997584945
0.0572620504057892
0.07038398639575015
0.08479716751306765
0.10057607069089211
0.11741747303588934
0.13518292652187086
0.15393943253348036
0.17356481852284023
0.19402856934283377
0.21519428483146452
0.23676417072823022
0.2583877176893663
0.2801581270408993
0.30188753335591995
0.3232895580503982
0.344470798801588
0.36520928728430024
0.3849133535580051
0.4034415218479588
0.42101343696185883
0.43729807900608725
0.4522700965528906
0.4657851661306229
0.4774688256931355
0.4873048495248551
0.49493229769229374
0.5004607194292258
0.503637929404977
0.5046430053351275
0.5034282980129291
0.49983475454201187
0.49407288178744474
0.4862321997695284
0.476105147397077
0.46389083500309103
0.4496518620692083
0.4335565098314178
0.4157477595021217
0.3964233377288052
0.3755643869544274
0.3531612684683809
0.32920011262561394
0.304347573674548
0.2789048103280319
0.25293411365407625
0.22677461238746674
0.200409607961323
0.1742290174966213
0.14896855515964302
0.12474123443926538
0.10180942980525536
0.08045056563517962
0.06099576554146558
0.04371877793309669
0.028959340347752
0.017044205617841764
0.008218030089802295
0.002707341740685715
0.0008506160244887233
