0.0
3.442820127714663e-05
0.0003591535774210812
0.001336091962047242
0.003331015450630455
0.006713245278437824
0.011853414634599308
0.0191232253693291
0.028895851256745528
0.04155508241126362
0.05748495677065624
0.07706042220939548
0.10067086627559542
0.12872282502417337
0.161595345487851
0.1996831182620206
0.24337921523203868
0.293080741504598
0.34920904893251314
0.41216276161118637
0.4823519431427942
0.5602147397686289
0.6461384099925144
0.7405448804172088
0.8438522343265875
0.9565009062883423
1.0789100785128898
1.2114985210741358
1.3547053337660206
1.5089589999632653
1.674721472750663
1.8524511028291653
2.0425778572829567
2.2455690232417624
2.4618701480329555
2.691972296619559
2.9362996799187364
3.195305013765661
3.4694321139373523
3.75918563427503
4.065045881559011
4.387501536937761
4.7270313291437684
5.084096133383601
5.459205821862874
5.852843325436453
6.2655815268828725
6.697927293933327
7.150395040496304
7.623457397856607
8.117582912882076
8.633385204132667
9.171417294559626
9.732227316827549
10.316223597397283
10.92402880886677
11.556130286416712
12.213092568469298
12.895489249811188
13.603899944126253
14.338791577842727
15.100806574933838
15.890292378723547
16.707902482734127
17.554301563961975
18.43014852144689
19.335959286188324
20.2723245125409
21.239940758227792
22.239332658233252
23.271058993918114
24.335914176091308
25.434414517510426
26.567223268735635
27.73508174779614
28.93868409344572
30.178591160579128
31.455444740509652
32.769713193232334
34.12219686832763
35.51350518884709
