0.0
2.6800355096713153e-05
0.00029285822461799386
0.0010735347656390933
0.002607692329040049
0.005124163375684664
0.008792901399770467
0.013701121786138033
0.019986245115041087
0.02777070471177743
0.03713844843737144
0.048119425475290856
0.06072934375078263
0.07494741481643263
0.09071206262494019
0.10805629537141244
0.12703160761469412
0.14739337097509067
0.16907003121314498
0.19209747960188972
0.2162212884337828
0.24110028547665888
0.2667698672411738
0.2932099596176798
0.3201229657876013
0.34773763590452156
0.37564972295609506
0.40353829672485636
0.43129518708182885
0.4586216250229958
0.48550272448099224
0.5119052428642967
0.5375412507327417
0.5623961368893028
0.5863526654389069
0.6090939410694066
0.6305973774647368
0.650534263055985
0.6690606039477756
0.6858006840777505
0.7004926694783932
0.7128596761851388
0.72301759494958
0.7311990503885702
0.7371968498219157
0.7408959904666991
0.7423161295254725
0.7409587744371063
0.7367812914348999
0.7299444470863614
0.7209081983100438
0.7089505750552583
0.6941575578038403
0.6769870344693879
0.6573376127593236
0.6355996325805513
0.6115718728355705
0.5854511882458839
0.557608675027444
0.5280422685149091
0.4969409766063887
0.46442578471356527
0.43125289461766664
0.3976861440932359
0.36378085809629623
0.32970264566081897
0.29561339540109394
0.26203068178429517
0.22930959632998246
0.19790486820311545
0.1678193488056798
0.13934019887061352
0.11275000252119269
0.08842398284772288
0.06658382366392988
0.047375474172375774
0.031136654445510673
0.01823434393246615
0.00871895940571708
0.0028636433868907277
0.0008427620661840027
