0.0
2.679876920412087e-05
0.00028235785262129736
0.0010057569758415632
0.002407944235319808
0.0046648945991056776
0.007895500098031843
0.012219791136804811
0.017683715561943866
0.02434072278706394
0.03218357993357398
0.04115180740201197
0.05133168722002065
0.06265185797629234
0.07490021632490308
0.08801740485952032
0.10194817317088123
0.11658642985029381
0.13186753042992794
0.14757483899505547
0.16335163262533253
0.17908370803352092
0.19461177661100285
0.20973561367986737
0.22429318423197395
0.23826387207225164
0.25147753881538015
0.2638912630019618
0.2751440605376431
0.28515402458858247
0.2937644936680267
0.30100381005759463
0.30667010459693517
0.3106031527587387
0.31271207298000014
0.31296920330925554
0.311122344781883
0.30739891903892436
0.3018884501665993
0.2946439996340961
0.28541872938967955
0.27440996952856983
0.2619398748340928
0.2481131145053896
0.23297193015724302
0.21658006227763363
0.19907350366836726
0.18066859300687985
0.1617355648577584
0.14252565937755307
0.12328035220308284
0.10429642423677397
0.08606215852764898
0.06877363737933011
0.052669670129417555
0.038124650982575656
0.02551580220321106
0.015158522054230919
0.007411759732556581
0.0025127775540467715
0.0008319559445786513
