0.0
7.065965106548333e-09
1.4024816574206274e-07
5.87254612749695e-07
1.5059805911212499e-06
3.0289108053311213e-06
5.265035197258381e-06
8.29489860007208e-06
1.2176133107225518e-05
1.6944794044153938e-05
2.260610804474494e-05
2.917492520066346e-05
3.661881037061771e-05
4.493708403773707e-05
5.405446250495826e-05
6.390949268789901e-05
7.445766007773461e-05
8.559117020978549e-05
9.724014743630498e-05
0.00010926386241866476
0.00012156904722681994
0.00013406861069295767
0.00014664536198122493
0.00015916919760788472
0.0001715140235442622
0.00018356016254941662
0.00019514603553212034
0.00020616694062117134
0.000216433965570824
0.00022586318181997135
0.00023437489217839608
0.00024183798207611862
0.00024814012109571
0.000253240017969895
0.00025700699275042364
0.00025942124126803964
0.0002604077450680498
0.00025990949809827623
0.00025784781401144165
0.0002542060593235827
0.00024901681356161994
0.00024239325882631686
0.00023432508489573667
0.0002248711009443321
0.00021405076557532622
0.0002018562556194604
0.00018850607019179643
0.0001740883722113157
0.00015880258675358923
0.0001428431179938155
0.0001264444446078605
0.00010991176647637054
9.337923733581797e-05
7.715202060714931e-05
6.167130705031562e-05
4.7309239509840126e-05
3.4459144023030186e-05
2.36387053885415e-05
1.530555159464287e-05
9.996656017434281e-06
8.374836541100427e-06
