0.0
6.952996418567213e-09
1.3747045092059635e-07
5.687397795435861e-07
1.4446595498137569e-06
2.877390944755801e-06
4.960712714382124e-06
7.747261092890837e-06
1.1275018982900758e-05
1.555324028332044e-05
2.056537874844303e-05
2.62802186254425e-05
3.265762261209856e-05
3.9631453703599694e-05
4.709635367162165e-05
5.5001233359805306e-05
6.324275381260301e-05
7.167442445273109e-05
8.024304358179052e-05
8.87944104435625e-05
9.721177666077022e-05
0.00010539434283081036
0.00011321370415562426
0.00012055115702762578
0.00012726178488553795
0.00013328080799156834
0.00013842417774976258
0.0001426093422746362
0.0001458157109974117
0.0001479485090455855
0.00014892049217010505
0.00014866214317968887
0.0001471554575852302
0.00014437231180511315
0.0001403333178965816
0.00013508087231576602
0.00012864036740642954
0.00012108433887706638
0.00011248338884983783
0.00010295763259745082
9.267979867519468e-05
8.184329835162727e-05
7.065425557247786e-05
5.936122918903097e-05
4.83145112626018e-05
3.7880903077936694e-05
2.832552297703995e-05
2.0086483615494812e-05
1.3622344334322477e-05
9.49200910238805e-06
8.317847644594033e-06
