0.0
7.60672243068102e-09
1.4855433107313045e-07
6.256808361749182e-07
1.6191774552889974e-06
3.2880056720453357e-06
5.760347435673335e-06
9.151240643422497e-06
1.3567843583415728e-05
1.907867492991615e-05
2.57457755299439e-05
3.361512197556884e-05
4.2706302192922034e-05
5.306144259832959e-05
6.466642861206748e-05
7.75493271164837e-05
9.168345207271539e-05
0.00010698004037678195
0.00012334978391533968
0.00014079536330919884
0.0001591799776945881
0.00017852312912171463
0.00019870849084097577
0.00021966060351068576
0.00024127037296616715
0.0002633798603912517
0.0002859393909204683
0.00030875582704571373
0.00033180863369727044
0.00035493956981778575
0.0003780617043958012
0.00040095709768891654
0.0004235024243870395
0.0004455523488689434
0.0004670591648900433
0.00048789310988639055
0.0005078222026409501
0.0005267540418114226
0.0005444880277218951
0.0005610182603832381
0.000576262305128609
0.0005901579695436279
0.0006025767069787015
0.0006131969265419848
0.0006220975173024925
0.0006292186060377781
0.0006343183033087318
0.0006374661354480107
0.0006385200511463155
0.0006375879200166356
0.0006345482656259345
0.0006293445957099229
0.0006219090763198916
0.0006123514799646684
0.0006008008611477758
0.0005871693408823787
0.0005715329516920277
0.0005540796744265341
0.000534528897382984
0.0005131168469669553
0.0004899919113364288
0.00046518249043056765
0.00043885660373206266
0.0004113220110566601
0.0003828244642004325
0.0003533707471576793
0.0003231446301038371
0.00029237681303992104
0.0002615941307242422
0.00023107350332574468
0.0002010136012200753
0.00017158417702680835
0.00014316285157086068
0.00011610579636794602
9.068143343585299e-05
6.766996792493784e-05
4.762541560963873e-05
3.109723719469687e-05
1.8648547800740057e-05
1.0824559179798677e-05
8.311103516262311e-06
