0.0
6.104182453848494e-09
1.231092938108793e-07
4.994238263979564e-07
1.2327295291124427e-06
2.3782510405921485e-06
3.954064802080619e-06
5.94541757690257e-06
8.302039734409091e-06
1.0964208796389279e-05
1.3827585186277523e-05
1.6796932302664966e-05
1.9768263453204213e-05
2.2625249522522847e-05
2.525362312921662e-05
2.754228335124982e-05
2.9387605115680137e-05
3.071319987929697e-05
3.1443064116905263e-05
3.152275031816836e-05
3.0921853806222945e-05
2.9629260703570264e-05
2.7707612096895028e-05
2.5203645572540313e-05
2.2257132913027956e-05
1.90173688534166e-05
1.5697160583074398e-05
1.2571107236204173e-05
1.0001192818799794e-05
8.407033657286518e-06
8.289423697083997e-06
