0.0
1.7290136117127814e-08
2.647803933768444e-07
1.1115801529991896e-06
2.914492580532161e-06
6.022921824998179e-06
1.0789640059881725e-05
1.756909417237923e-05
2.6714549320882783e-05
3.8578769108350434e-05
5.3505539849200665e-05
7.186491955625295e-05
9.400913395609876e-05
0.00012030075634109077
0.00015108478426205136
0.0001867111394298724
0.0002275218627494074
0.0002738771915427083
0.0003261277754035849
0.0003846098024859546
0.0004496965696396066
0.0005217410440151315
0.000601075946682364
0.0006880623451168251
0.0007830880982427056
0.0008865258820484003
0.0009987527961130142
0.001120100113230182
0.0012509298314351983
0.001391586580865999
0.0015424195862768363
0.0017037634352730052
0.001875982472253769
0.0020594016401405705
0.0022543708878547987
0.002461300857502599
0.0026805046968159693
0.0029123926217014266
0.0031573273683192737
0.0034157019941198747
0.0036878441487388862
0.003974097324296427
0.004274802666854501
0.004590413991386538
0.004921247988580734
0.005267648997248322
0.0056300112429199895
0.006008665515198795
0.006404004847523448
0.006816275729468929
0.007245934471028704
0.0076932951121652625
0.008158709708880035
0.008642486093399817
0.00914501853959216
0.00966671018262294
0.010207867649322288
0.010768851405242795
0.011349923823783976
0.011951584045586897
0.012574267865424342
0.013218267342744682
0.013883952657591202
0.014571669024666166
0.015281750648582018
0.016014654866289516
0.01677075644130536
0.01755040487874961
0.018353993661274836
0.019181838110752986
0.02003425955070504
0.020911572773977007
0.021814162212679077
0.022742439049882497
0.02369673901057957
0.024677604045358896
0.02568528857256933
0.026719905204031783
0.027781916167787305
0.028871622867024417
0.02998951535021093
0.031135930314180986
0.03231144880813401
0.03351626038524867
0.034750683038794195
0.03601502487351313
0.03730978614495667
0.0386351504583103
0.03999146044046146
0.04137927157439637
0.042798752804994726
0.04425036189196045
0.04573433820785247
0.04725126516635007
0.04880129297686331
0.050384946616879436
0.052002709365448076
0.05365474818513338
0.055341512885762924
0.0570634085754098
0.058820848017898074
