0.0
7.181700216656262e-09
1.4240172942999816e-07
5.986389319100046e-07
1.5492360291559734e-06
3.1430623256484686e-06
5.5046558560925874e-06
8.731245500993563e-06
1.2908714967582736e-05
1.8085736156124666e-05
2.4314343611130612e-05
3.163139625919666e-05
4.0046273534405185e-05
4.956247166306622e-05
6.018049734317213e-05
7.183838216138831e-05
8.447104782381866e-05
9.799720313192878e-05
0.0001124106233584625
0.00012760797257667286
0.00014342430849252483
0.00015983801789141248
0.0001766904761037552
0.0001938994086141108
0.00021125467539979007
0.00022874921752051526
0.00024625817691448546
0.00026358726319732463
0.0002806101095640742
0.00029722438316851115
0.0003133680263451705
0.00032887782838525274
0.0003436525265032871
0.0003574331132275001
0.00037021038835063035
0.00038177917995232713
0.00039209875422944015
0.00040103630667622447
0.00040855733949563135
0.000414554651501227
0.00041891236531633715
0.00042165273607692864
0.0004226728279393318
0.0004220074233250354
0.0004195213163280116
0.00041517056605264543
0.00040901338829242605
0.0004009893182834809
0.0003910594337434379
0.00037941603445450786
0.00036609400700161665
0.0003511977337475122
0.0003347390088614386
0.0003166802007705967
0.00029726633867416014
0.0002767759817810756
0.0002553412053489271
0.00023298874400383223
0.00021015235651137027
0.00018696649680554568
0.00016375615782304842
0.0001407136088333671
0.00011813142217547809
9.645478031199032e-05
7.612227555519821e-05
5.7510466819467844e-05
4.104740687060993e-05
2.7339169848326715e-05
1.6906178582328725e-05
1.0381515347549981e-05
8.341823341664085e-06
