0.0
8.192159635837714e-09
1.5693981390714588e-07
6.591156737131763e-07
1.7028474978848386e-06
3.460731151476012e-06
6.082960898911162e-06
9.713661882237419e-06
1.4474436927077142e-05
2.048213583615202e-05
2.7840940623506173e-05
3.6616008501964726e-05
4.687626197661436e-05
5.865441852296126e-05
7.198923579477195e-05
8.691592937856081e-05
0.00010348422785512638
0.0001216790064511372
0.00014151598192676393
0.00016291157388887803
0.0001858608573391233
0.0002103789732358151
0.0002363988009095479
0.00026378276191898694
0.0002924344640753628
0.00032241609257471483
0.0003536066773487232
0.0003859003513018787
0.0004191636347561085
0.00045330791676275015
0.00048814329639038323
0.0005235467575714977
0.0005595669791588791
0.0005960181286411726
0.0006327008791548621
0.0006695294434970188
0.0007065120841927807
0.0007435384161803192
0.0007803194718459156
0.0008167248262081534
0.0008526399456210021
0.0008880301876254866
0.0009225075493306599
0.0009561502279863796
0.0009888247095920463
0.001020457439336919
0.0010507900302992865
0.0010797643896974457
0.0011072031470600939
0.0011330408076076425
0.0011570678899969205
0.0011794969018939312
0.0011998847576643276
0.001218337110635202
0.0012345804600182423
0.0012489122917369918
0.0012609176325536957
0.0012704954652689813
0.001277850446591954
0.0012828600533616164
0.001285057049350702
0.0012846553421345921
0.0012811853054277656
0.0012749480698274625
0.0012656899681447926
0.001253687913345288
0.0012390725345949006
0.001221738683685946
0.0012017621041290627
0.0011789319496503916
0.0011534655219679725
0.0011254404591674492
0.0010947713225004446
0.0010616847150147388
0.0010263271274130422
0.0009886003964091376
0.0009489452175125158
0.000907523843370492
0.0008641211055141127
0.000818761886582815
0.0007721111080030078
0.0007239332185280427
0.0006745569372881903
0.0006247429721327197
0.0005747017345116066
0.0005244756767795007
0.0004744011541743592
0.00042446371430647717
0.00037533685222330737
0.00032743944921909016
0.0002813874494430792
0.00023728509017769667
0.0001953133023396028
0.00015615775426240015
0.00012034838615975458
8.859911790421979e-05
6.110512290313822e-05
3.8781506374354916e-05
2.210865882732088e-05
1.1745377159356525e-05
8.306830082250062e-06
