0.0
8.056373034625224e-09
1.5538564833694e-07
6.507312337353332e-07
1.6825297797747176e-06
3.4135412520783266e-06
5.988776264303947e-06
9.510730946764425e-06
1.4073227437685844e-05
1.9769039925352294e-05
2.669559142672697e-05
3.490098352979516e-05
4.44637072891265e-05
5.541470543717921e-05
6.774469523273651e-05
8.151538052757194e-05
9.670715408455049e-05
0.00011329416781328486
0.00013124486637983425
0.00015048551461226104
0.00017097697196706013
0.00019270595974264714
0.00021550406360816535
0.00023935329429680772
0.00026419001014531035
0.00028988293559508165
0.00031640301907202487
0.0003435431323923219
0.0003713221586805718
0.00039971094980672807
0.00042850496206287274
0.0004575201812214036
0.0004865939380767724
0.0005156636087711196
0.0005445362444246479
0.0005731701104742696
0.0006014867115314419
0.0006291769131819365
0.0006561313275843741
0.0006823477578470409
0.0007077938291512274
0.0007322103518626315
0.0007554856864711723
0.0007775827131526076
0.000798534768739628
0.0008179308924949676
0.0008357573240681302
0.0008518853734052521
0.0008661639776014018
0.0008783924403506126
0.0008886466426030037
0.0008969324896034885
0.0009028987271286072
0.0009065078869305781
0.0009077950088668189
0.0009067234268846273
0.0009033936503433983
0.0008977442509110234
0.0008897313755540409
0.000879230675253401
0.0008666015674304543
0.0008516893398552892
0.0008345308809088498
0.0008149007139472216
0.0007930249204427197
0.0007691489474463446
0.0007432202066862881
0.0007152344590430745
0.0006854317378040171
0.0006536836448441581
0.0006204064606915431
0.0005856535739262569
0.0005494975592955582
0.000512276022248673
0.00047412376249467706
0.0004353504111926193
0.0003963221501290413
0.00035724958891603824
0.0003182879060735592
0.00027985371578531545
0.00024229031563411583
0.00020587495873031954
0.0001705490593344161
0.00013726620517395845
0.00010664144254868692
7.914112104088289e-05
5.524510651312704e-05
3.5598933385567906e-05
2.0795332970488214e-05
1.144946151035745e-05
8.320890075628842e-06
