0.0
6.66954706942062e-09
1.3157303978096903e-07
5.402478394507554e-07
1.362315599207359e-06
2.686364854686857e-06
4.566760826902642e-06
7.032010019512113e-06
1.0081988050103655e-05
1.3701978601996853e-05
1.7831573906962155e-05
2.2416310344296773e-05
2.7370296566184374e-05
3.258124040995688e-05
3.795448016393779e-05
4.339377659562502e-05
4.8772661322072035e-05
5.3981146511543746e-05
5.889039220498814e-05
6.336618447620162e-05
6.727875120337038e-05
7.055642326286139e-05
7.310411933659483e-05
7.48337157967689e-05
7.564641433787564e-05
7.554628390743195e-05
7.445919943816359e-05
7.241673181367684e-05
6.941679700621154e-05
6.549559844466842e-05
6.072990677977657e-05
5.518878115144719e-05
4.901968603102356e-05
4.2413173438233456e-05
3.5551544292440294e-05
2.8757725953905604e-05
2.2305241429898525e-05
1.6567056684121592e-05
1.197579875958699e-05
9.032790849258474e-06
8.338362852756148e-06
