0.0
1.0327058378061737e-06
1.0696224357570557e-05
3.7385204247383704e-05
8.65296192148851e-05
0.0001609438826721498
0.00026135566252937403
0.0003862861276168672
0.0005329668821600554
0.0006970209184503734
0.0008731608349285036
0.0010554554526606252
0.0012374222318009395
0.0014120847445969601
0.0015728425813314512
0.0017130394331492291
0.0018267483509393733
0.0019086847003171525
0.0019544737540601047
0.001962037051969431
0.0019307104732358652
0.001860957455871054
0.0017551027193264254
0.001619080460179656
0.0014606718767420927
0.0012895220214918864
0.0011198362983742074
0.0009674042901089258
0.0008523287937241816
0.0007973658099730174
0.0008284036173753346
