0.0
1.0854747693997708e-06
1.1303374118828646e-05
4.020102567977376e-05
9.50274186741896e-05
0.00018077274978783918
0.00030025709018580225
0.0004544729945578051
0.0006434438234513522
0.0008652962659462418
0.001117182956836602
0.0013954251967169503
0.001694833133914531
0.002009251021437516
0.0023333496172478012
0.0026597976836023143
0.002981366824641437
0.0032907502852700284
0.00357977557386618
0.003841829458066859
0.004071132794988949
0.004261481232975403
0.004406890209591081
0.004503387901017173
0.004546565873386618
0.0045345519250548135
0.004465932745895716
0.0043396736877607655
0.004156990415719539
0.003923138946622343
0.003641120431325454
0.0033188722409926486
0.002966232730115835
0.0025943713618252627
0.002214366729121163
0.0018426474022122258
0.001496937873945593
0.0011983541272078313
0.0009706790318581962
0.0008392158547454618
0.0008325308224059083
