0.0
1.2197330433723549e-06
1.2623100222910873e-05
4.57861694937556e-05
0.00011098820358695674
0.0002171500631868273
0.0003721822884939891
0.0005825172772329033
0.0008536104133331096
0.0011899966399914028
0.0015954700437726189
0.0020732853135353637
0.0026255746833387305
0.0032532767293705052
0.003955770653840707
0.004732077602920828
0.005580832295159381
0.006499693595260901
0.0074854869355071366
0.008532854826745387
0.0096371626670084
0.010796523764932614
0.012003507806745183
0.013256459510224547
0.014546357168269543
0.015865745663953823
0.01720969646598636
0.01857260654979621
0.01994851696763636
0.021323597240923666
0.022690810709711507
0.02404612036722849
0.025378909497782577
0.026681866787697035
0.027951028000220073
0.02917806824444018
0.03035179751881197
0.031462759057618375
0.03250006341783472
0.033461796707687425
0.03433871849734883
0.03513094057601471
0.03583107196313109
0.03643108925949147
0.03692782177009653
0.03731398255874283
0.037582972717389126
0.037731789267740366
0.03776149062950911
0.03766785647118669
0.03745089698917977
0.03711362568237533
0.03665271764873438
0.03606913081960011
0.035354139076146845
0.03451188329385956
0.03355516189328352
0.032483677103433944
0.03129747502368969
0.03000729211599615
0.028623578249850127
0.02715394880474558
0.025603845169940586
0.023977034532235906
0.022287187562373436
0.020548722954814583
0.01877384015311651
0.01697604861194414
0.015173201888709605
0.01338715630986354
0.011628542626799764
0.009924154556815546
0.008291821633808939
0.006755668627984081
0.005337163711986465
0.0040646481875249866
0.0029623393567666904
0.002057531580157812
0.0013809459042425818
0.0009635973586164103
0.0008374517297291781
