0.0
1.1530990213820391e-06
1.1964761418517576e-05
4.267036538408535e-05
0.00010164400556738853
0.00019538370556267546
0.00032849747360964854
0.0005038844747703889
0.0007234489545624639
0.0009873085137639625
0.0012947692030848108
0.0016446551451191557
0.0020339787552783864
0.0024575566811397536
0.0029118238274679644
0.0033907639319518002
0.0038876666817390195
0.004396491144022242
0.004909921817230596
0.005420182823594616
0.005920408481100338
0.006404125036108667
0.006864408196535407
0.007292270665684486
0.007681601956701424
0.008027783314436458
0.008323563089637989
0.008562507908778702
0.00874078508288338
0.008853731437373722
0.008895868844245688
0.008866016863588226
0.008763275869115794
0.008587043206204098
0.008337242219718094
0.008016998169038989
0.007626119004825556
0.007171931796870634
0.006660297301038135
0.006101953287978065
0.005508239221345427
0.004886834724641893
0.004249608197642546
0.0036121735269029685
0.002989999003675826
0.0024033806510721364
0.0018750594421681368
0.0014268673266607994
0.0010850354477363832
0.0008772522743918645
0.0008336692217390278
