0.0
1.1536744611414474e-06
1.2145251177360198e-05
4.431077866218429e-05
0.00010748673337083466
0.00021001729282949433
0.00035938838431942316
0.0005610640737560749
0.0008198120390151598
0.0011382698266302995
0.0015199975815052835
0.00196634622511651
0.0024778971122387475
0.0030538555789469744
0.00369192430345227
0.0043905913475955636
0.005146728317980683
0.005955569974851737
0.006814512858295854
0.00771817656674839
0.008662167131078369
0.009639905993484896
0.010644355981641982
0.011670427513327048
0.012706427146962478
0.013747624503745396
0.014784194884314024
0.015809014568293055
0.01681604973403359
0.017796188047411395
0.018743230014199884
0.01965280182183751
0.020515371083255775
0.021325065447247066
0.02207113558143331
0.022748023831948915
0.023348949081936923
0.023870377821784434
0.0243012185038701
0.024638809818741034
0.024876072964403945
0.025012080248490935
0.025044588387794792
0.024971091745327925
0.024790733512040686
0.02450232303142666
0.024102025370697097
0.023595559134266194
0.02298485957003221
0.022272814659163972
0.02146472742806667
0.020563099214372778
0.019575488375753406
0.018509276262738825
0.017366404741630544
0.01615361557793109
0.014883348993259793
0.013570639421442042
0.012230277395150405
0.010877547324526353
0.009528071296791205
0.008199591163925556
0.006909217773514269
0.005680630374237257
0.004534277164869968
0.003496040408932828
0.0025883213465210638
0.0018394383598662016
0.0012770217169979748
0.0009320143795608252
0.0008350648928412743
