0.0
1.2031430591402149e-06
1.261051524401019e-05
4.5932750572770894e-05
0.00011188998132052644
0.0002200154126041541
0.000378866613727901
0.0005949589739164166
0.0008753432951661883
0.001224538961884864
0.0016472466567717704
0.0021481352328906523
0.0027302655284740297
0.0033962116909701406
0.004147602752904778
0.004983998491065539
0.005904667781299752
0.006908559460031782
0.007993111093125472
0.009154755024813187
0.010391592404110783
0.011701862969111783
0.013080712318846293
0.014521864605508958
0.016022863471109122
0.017578648886194065
0.019183881518560607
0.020830111812416084
0.022515488378693906
0.024227943545321564
0.025961894654418345
0.027717198603627854
0.029474299932709804
0.031229283476476515
0.03297943609901705
0.03471301745975559
0.03641390982257643
0.03807866469844391
0.03970020353703345
0.041268653955033756
0.042781672154043375
0.04423211959939063
0.0456170126921852
0.046926428657230936
0.04814266865781208
0.049269072688109775
0.05030011600809232
0.051229574858317826
0.052054001683393886
0.05276573571660395
0.053358185068032596
0.053822333665698656
0.05416191967599148
0.05436932289902298
0.054446585397896895
0.05438010895972933
0.054162007405684186
0.05380239042331258
0.053301967799814706
0.05265187596391933
0.05186234647476623
0.0509420682057856
0.049887293116590556
0.048681543242435524
0.047334080141397804
0.04585305760999218
0.044247113343838164
0.042520151084889136
0.040677346455982484
0.038729281984477906
0.036683523442739466
0.0345536761331286
0.03234546147376768
0.030072526610102564
0.02774995554290689
0.025397421100709743
0.023035327130421963
0.020688863464556798
0.018375240657852836
0.016108128051568613
0.013903291256787215
0.011791853796498612
0.009788832452748615
0.00791829342124231
0.0062016230666939376
0.00467061131803253
0.0033545634420207365
0.0022821303390958042
0.0014825416993149941
0.0009888852400584754
0.0008347671270136087
