0.0
1.5332744305097e-06
1.5722474613753534e-05
5.813933911139196e-05
0.00014434925406078142
0.00028994560092987753
0.000510773544137068
0.0008226209578727333
0.0012412120133818312
0.001782450860485219
0.0024621483030061193
0.0032958738307249887
0.004300100512393318
0.005490944128133229
0.00688406070326885
0.008494573792952397
0.010338645997361864
0.012432794550523969
0.014792868260656426
0.017435138995051145
0.02037572170178827
0.02363187675736143
0.027219066821770405
0.031153900588532766
0.03545161783413041
0.04012731032157322
0.04519772373402866
0.050679299247811005
0.05658806718343516
0.06294011533073689
0.06975106066184722
0.07704105921300677
0.0848245248677079
0.09311529845805895
0.10193135202388869
0.11129202398649107
0.1212119366002924
0.13170971549215685
0.14279923186051502
0.15449789118819798
0.1668244157518496
0.1797931673355963
0.19342039513630557
0.2077218658268354
0.22271819778940433
0.23842825432893966
0.2548691331490561
0.27205613776593396
0.29000386957682356
0.3087280444810876
0.3282469628502617
0.34858116870129624
0.36974050618136006
0.39174636076697206
0.4146135310986819
0.4383602249549457
0.46300112289096407
0.4885555376922618
0.5150400111212523
0.5424720677411948
0.5708728971146196
0.6002568000286231
0.6306440701056785
0.6620501974509891
0.6944922001547642
0.727987975372135
0.7625502963216358
0.798202716842789
0.8349613849597656
0.8728390719186991
0.9118599365490327
0.9520381008490184
0.9933893663080458
1.0359323004782257
1.079695355378354
1.1246933870543536
1.170937766121133
1.2184474865177632
1.2672306568962015
1.3173164966219286
1.3687267088720942
1.4214735973168426
1.4755761747510183
1.5310639142907552
1.587947871628205
1.6462500191886622
1.7059827257905071
1.767169792241829
1.8298208847491508
1.8939434103993094
1.9595650471349735
2.0267091171863654
2.0953934281948188
2.165642208130803
2.237471706853187
2.3109035868918313
2.3859489536381875
2.4626296532954646
2.5409581693071224
2.6209589376497044
2.7026640153257313
