0.0
1.2165509912847957e-06
1.2850643758222505e-05
4.694314433377276e-05
0.00011480046114906145
0.00022700217728395308
0.00039265190265333884
0.0006200103809659106
0.0009157805419528293
0.0012861022956498014
0.0017366312588560718
0.0022700702107923475
0.00289204091014306
0.0036059960076309542
0.00441179676112514
0.00531036389344205
0.006302568710720009
0.007388126513401025
0.008566286438368266
0.009835229713935707
0.011196825873037528
0.012648348267460514
0.014183640559931144
0.01579968565771104
0.017493164420308682
0.019263979243920943
0.02110424009340441
0.023011505091417736
0.024979775926982105
0.027001597883783264
0.02907133675972619
0.031182722562739868
0.033332571649365525
0.03551190394509447
0.03770860068849035
0.03991671272966199
0.04212295465351307
0.0443248738942222
0.04650851963040361
0.048669588338565745
0.05079682831359484
0.05288839725620464
0.054932741378150865
0.05691989208069966
0.05884571522645628
0.060699832754658574
0.06247700191401
0.06417947368573312
0.06580008205181788
0.06732743490461163
0.06875667550075656
0.07007552447603006
0.07127163553265575
0.07234590771207279
0.0732956232334088
0.07411184906977308
0.07478636530612277
0.07531112291859297
0.07568772256324874
0.07589261644358807
0.07593940350868097
0.0758298827843895
0.07556321657297663
0.07513202265779725
0.07453364651674951
0.07377564078504684
0.07285672629376057
0.07176331424768544
0.07050924368980675
0.06909944816959573
0.06752924093657708
0.06580587677257019
0.06393226112945231
0.061916825184082806
0.059768288268909515
0.05750451865827869
0.05511804771225884
0.0526279130006524
0.05004727526345807
0.04738197299951381
0.04463518606407199
0.0418248123915202
0.03896396589072134
0.036063103952250396
0.03314123927083604
0.030208536582385644
0.027297321474601243
0.024420214276896134
0.021591902411740534
0.018833656633847652
0.016173773022884808
0.013638370776362775
0.011252649579785957
0.009038309525904759
0.007030109605209562
0.005248840242879204
0.00372543620411479
0.0024908613726888234
0.0015759144198494051
0.0010119117067187299
0.0008348683371564653
