0.0
1.1543178375789785e-06
1.2144430031405672e-05
4.383841540862832e-05
0.00010534051885806998
0.00020402000527808175
0.00034577846751563225
0.0005352986105714956
0.0007752685242583472
0.0010679140871809648
0.0014147693323778615
0.0018159341646377509
0.0022701122712529493
0.002774233226026039
0.0033241214874365713
0.00391768688455062
0.004550454741003437
0.005217023987395519
0.00591147734221665
0.00662677081239546
0.007356803980414251
0.008098916786953621
0.008844108046856003
0.00958496772723062
0.010310579850821825
0.011016882171833092
0.011696163575913078
0.012339995181912606
0.012940391205212006
0.013491549883520124
0.013986217331896467
0.014420531005571925
0.014786059268957027
0.015076468467160117
0.015285301939162402
0.015413526726737776
0.015451731331376032
0.015400373643164558
0.01525881523648121
0.015025709977880398
0.01469953690710102
0.014284527049400609
0.013787146171639814
0.013210025791329506
0.012554690513318608
0.011828845022465983
0.011042930999541643
0.010198820693112147
0.009310914964362751
0.008386159415624211
0.007439144922510512
0.006481092108975257
0.005531237894714176
0.004610030781857615
0.0037356988640532577
0.0029310337413128275
0.0022185399794476903
0.0016243260315376776
0.0011759305445049049
0.0009024315997698957
0.0008329771523618143
