0.0
1.4012254089841e-05
0.0002081832615969789
0.0008006553607912502
0.001991053435924356
0.004008563676028945
0.006962610646997712
0.010769318794246792
0.01607518473194463
0.02330351401464872
0.03283064922885417
0.04393436199054021
0.05653367124718243
0.07138760475080756
0.08787111511462664
0.10513600176411754
0.12469010320762262
0.14422928219077116
0.16490276408399396
0.1858614545727079
0.20813754048789085
0.23208704457712792
0.2563048502666401
0.2824122448106506
0.3077432142621718
0.33519161963219907
0.365724593980529
0.39679744228214797
0.42945441866767387
0.4634110602249903
0.49767670038544287
0.5313787115265441
0.5607592894951655
0.5887667197706051
0.6149089663780256
0.6384656767850727
0.659787570926865
0.6788738220611593
0.6945100608910866
0.7114084269948138
0.7312318629806057
0.7504659934362947
0.7666579352037102
0.7780763036845904
0.7860557868866472
0.7896126306875701
0.7890373404422091
0.7845713610718246
0.7759614960841803
0.7670847743928736
0.7576350085306132
0.7441982985649301
0.7253055765609641
0.7049493637270695
0.6817178091170796
0.6553112701490069
0.6272154497275727
0.5943982377258383
0.5595933473888889
0.5234823270595985
0.487892463800141
0.450439922428444
0.4137104467701064
0.3782784194769202
0.34342221533781103
0.3106291759485666
0.2779717389379584
0.2466961971660665
0.2153896922205882
0.18572533457776322
0.1570213214690455
0.13016500574796658
0.10485060222991825
0.0819041929154052
0.06063103835733884
0.043179362589924074
0.028678192740787683
0.016723558203814423
0.007936164154045543
0.002021429425136191
3.185918558418644e-07
