0.0
2.495699200299418e-05
0.00021736450377239568
0.0008135368350004286
0.002065859051300312
0.004052653115190202
0.007115241834107838
0.011385299926986558
0.016772783709207564
0.02306792794353404
0.030049739617032004
0.037698952225119015
0.04618557093170308
0.0550295537242748
0.06415123089458212
0.07418912054531694
0.08373080632399013
0.09313786422270848
0.1024896384948661
0.11175030127681541
0.12040046289475843
0.1293279285150155
0.13784331316147366
0.14639209681975196
0.15418929089673028
0.1605974096443537
0.16634480214785569
0.17183631235842448
0.17615506409997783
0.1781133234952703
0.1779878247991715
0.17656717722148768
0.1739865313780224
0.1683532426020702
0.16182962647979707
0.15323918153620156
0.14377059640252401
0.13265123294424525
0.11970955350862367
0.1061975842453879
0.09272557574194476
0.07883259364103008
0.06531352575184728
0.05245379266370489
0.040569057776200755
0.029678877284638534
0.019817352386149883
0.011705821169453758
0.005458368315016005
0.0014293651641539328
3.35165027762925e-07
