0.0
8.702366376027372e-06
0.00018814508324411076
0.0008734817113757328
0.0024360812676964463
0.005342140949490091
0.009725081406906906
0.015448571087008787
0.02293432946601936
0.03245989762055482
0.0441325927291332
0.05775447607758895
0.07186435343300271
0.08780010381074685
0.10645628834783198
0.12664634766893143
0.14623356678922092
0.16726665131907142
0.1909691760874714
0.21590656341341963
0.2428207581158788
0.2723391488699211
0.30327790172146224
0.33686894287107755
0.37221198179198733
0.40875890848426066
0.4414686848489522
0.4734472852633377
0.5059172592123615
0.537191893701027
0.5701881883754485
0.6026184572987037
0.6334757724011769
0.6683089674654537
0.6978188850320106
0.729730037766074
0.7646079666849693
0.7918339428081914
0.8172054027483597
0.8391931749864778
0.8627593212355495
0.8903376766133196
0.9128219560545708
0.9354496734306187
0.9567248875619393
0.9786296196447974
0.9870700900334308
0.991453151630025
0.992560866613109
0.998202230531874
1.004432027945592
1.012585845450086
1.0206184048055638
1.026113394948475
1.0325720818791624
1.0358927726385248
1.0342497139426627
1.0247556814074965
1.0135996234048497
0.9963734088073501
0.9783648815344119
0.962843654030337
0.9444742389442624
0.9212905317864059
0.8956858936570078
0.8614854595548108
0.8220998393656902
0.7826472109848195
0.7459383087226634
0.7105172635817318
0.676876105982579
0.642152636638802
0.6087043536266423
0.5790461212346762
0.5469324304181298
0.5168695604451904
0.48786830380124857
0.46307324743477657
0.4363312020487891
0.4111806160605435
0.3815994962027575
0.3502714222821768
0.31802370996040397
0.2866862613831379
0.2565018257715592
0.22876077012858576
0.20473581530570903
0.1809800139680303
0.1575399975419674
0.13548628556331077
0.1155187887238604
0.09541707074274465
0.07849133590761169
0.06284637443128226
0.047652650260473176
0.03402659929817066
0.022613653084170477
0.01387923468325977
0.0065296966994487955
0.0017386706975599596
2.954958103952e-07
