0.0
1.1945769140701548e-05
0.0001669012672414086
0.0007513595524067748
0.0021032979190160755
0.004545813050476967
0.008111615678270167
0.012982082335833695
0.019210611132777215
0.026871833108223938
0.03628396853224461
0.046939903837282214
0.05850381875468485
0.07134105013441523
0.08490601276508362
0.09984088681564282
0.11657764728151465
0.13420583726819874
0.1533712037338776
0.17410895794404574
0.19476710695214633
0.2157932838495048
0.2375216671174594
0.25924991721065876
0.28204854761690523
0.30579725756002807
0.32822880921663117
0.3496051622468692
0.3694184746126229
0.3880211800430156
0.4056354364061182
0.4214033347583471
0.43510395254763407
0.44595393272301187
0.4541689686296484
0.45980765922263656
0.46320522279261694
0.4639681820941678
0.463314330598934
0.4606825308978929
0.4552641833908097
0.44750092063481683
0.4394253210235653
0.4323092835087989
0.42566855364303835
0.41700287875425274
0.40780004753884974
0.3958053388365184
0.38239339650673687
0.36879374728117065
0.35322561937466124
0.3351341843641304
0.3147674381599534
0.29281577825894917
0.2712733797407402
0.2504406766569101
0.23035133499017782
0.2092787307715001
0.1880437205774183
0.16441574701339703
0.1418629406809258
0.11970633664780944
0.09882909979058589
0.07909406406221003
0.06056444485420408
0.043727078625556935
0.028624124354722547
0.01655756610405858
0.007438456595544246
0.0019309812591059353
3.254536031518832e-07
