0.0
4.272375019992414e-08
4.512353371974763e-07
1.6120307996249396e-06
3.818629965376189e-06
7.265633250964322e-06
1.2045704266115346e-05
1.8238342756759404e-05
2.580371071397791e-05
3.464081399907412e-05
4.469553654860511e-05
5.5809950969759564e-05
6.774951310335892e-05
8.024508168580049e-05
9.297868162720294e-05
0.00010567517529060047
0.00011816824347163878
0.00013020050688444768
0.00014141089527919324
0.0001515148550409392
0.00016024729222295953
0.00016726038726543933
0.00017233502772299856
0.00017519727087407356
0.00017590470372793034
0.0001741612064054071
0.00016997500466016022
0.0001635205050901321
0.00015482040503481863
0.00014406012456394965
0.00013151867455970295
0.00011729390167198828
0.00010176026885372395
8.529654065224868e-05
6.8491717241661e-05
5.194736998179569e-05
3.612929568376077e-05
2.2086096236727715e-05
1.0739754373644364e-05
3.132475305506498e-06
3.319738759205891e-07
