0.0
4.599049903955433e-08
4.7577071109047134e-07
1.7755249624631675e-06
4.383197930776544e-06
8.689132079615887e-06
1.499775899620577e-05
2.3555780102966183e-05
3.455740782748857e-05
4.823444746609417e-05
6.488229777317418e-05
8.467654114929317e-05
0.00010757868343647867
0.0001336103032388515
0.00016253306564663082
0.0001946115086103375
0.00022979923794918375
0.0002678325112021442
0.00030886983495602893
0.0003528981833552704
0.0003994739233887563
0.00044832742093180655
0.0004998416231994726
0.000554062507819272
0.0006111307502976792
0.0006705086359296035
0.0007318522882494146
0.0007949822738263534
0.0008604492064375126
0.0009268912488080192
0.0009943972446572972
0.0010621330086326144
0.0011297995637877126
0.001197460769998227
0.0012655248987002918
0.0013325850403588784
0.0013978980557684667
0.0014614546118704656
0.0015221875619468932
0.0015808652208882297
0.0016383832670520241
0.001693772104217752
0.001746045183303339
0.0017948770315514891
0.0018404591932034407
0.0018821450632806728
0.0019202999140679657
0.0019543372070774524
0.001984895973398545
0.002010950266382365
0.002031750983088259
0.0020476092678471535
0.0020585640983461226
0.002063559985438463
0.0020625796339047886
0.002056863282780051
0.002045703388856899
0.0020297569538629333
0.0020090164941829387
0.0019837661631098317
0.0019537800861957728
0.0019179639736441787
0.0018768694949358926
0.0018304911066001383
0.001777397596798302
0.0017196020174837048
0.0016574500206446264
0.0015913742411886376
0.001521736033930196
0.0014476949380424885
0.0013701926165573244
0.001290180780291812
0.0012077571856969698
0.001122725010524196
0.0010345762406819585
0.0009448494553750021
0.000854175928257069
0.0007642291056620819
0.0006759249507252251
0.0005892938416066091
0.0005051516491929573
0.0004235067493287065
0.00034663424659239984
0.00027478920114960294
0.00020922201273353112
0.0001506423957647476
0.00010001896376422898
5.855761159156977e-05
2.7357664422665987e-05
7.442957321754988e-06
3.320513028151955e-07
