0.0
4.165011818109855e-08
4.2892610036958187e-07
1.4975478234913096e-06
3.454046900676336e-06
6.405496379222013e-06
1.0356736547186442e-05
1.523577640992944e-05
2.0918246560947703e-05
2.7220652448003587e-05
3.3932799661192955e-05
4.0831636002719134e-05
4.763449102793945e-05
5.405308326526267e-05
5.984128448492245e-05
6.473191653489462e-05
6.845961155950343e-05
7.084393279058535e-05
7.167178730796714e-05
7.079140725075908e-05
6.813406347113272e-05
6.383745096204136e-05
5.78945585435805e-05
5.0560612617462175e-05
4.211122470734681e-05
3.300611326670762e-05
2.3785872018269862e-05
1.505325026416228e-05
7.600283568096652e-06
2.340546443275314e-06
3.36422263755586e-07
