0.0
5.110289629093556e-08
5.279473243192416e-07
1.8953899123424376e-06
4.539706622600117e-06
8.771041538517436e-06
1.4941033198466213e-05
2.3269103468684738e-05
3.4063088314737294e-05
4.756966869357216e-05
6.396321952977836e-05
8.325384865809756e-05
0.00010527936498874706
0.00013006633776963683
0.00015789669159943832
0.0001887114808095961
0.00022217745702328242
0.00025834800848255297
0.0002971660402384632
0.00033844876273354693
0.0003817000834252128
0.00042697717132809634
0.0004738121035641008
0.0005221583712710672
0.000572158813341006
0.0006234663079801596
0.0006753645984048566
0.0007277882983452906
0.0007800759824207968
0.0008322822091653064
0.0008844241626968101
0.0009359761100268083
0.0009868739005064184
0.001037057575261552
0.001086329786453736
0.0011346035769869871
0.0011803436486318084
0.0012222219289989352
0.0012608016978653117
0.001296633548875388
0.0013296979553167295
0.0013597744929611283
0.0013862531983849895
0.0014092139792670857
0.0014279412759240066
0.0014418949168934652
0.0014520664019713981
0.0014573032720207224
0.0014581209674330725
0.0014542731439816908
0.00144505567130854
0.0014312235680325163
0.0014122600930805054
0.001387862076680574
0.00135799303129777
0.001323464748421179
0.0012848795351713344
0.001241363210640064
0.0011931095956221876
0.0011411870606487043
0.0010864416804933635
0.0010290756485968348
0.0009684540954019867
0.0009047435598913159
0.0008389632668866138
0.0007712553890351258
0.0007020416998017954
0.0006322191918942
0.0005627362926264936
0.0004934523922922607
0.0004250278702811876
0.00035868113824484316
0.00029555556775595865
0.00023580169040706396
0.00018064975026777015
0.0001310464133561366
8.773266260124954e-05
5.200399030272529e-05
2.45853269983526e-05
6.693858716735822e-06
3.3439819750432654e-07
