0.0
4.7343625708782724e-08
5.0598533415605e-07
1.8991581304290234e-06
4.702835099530152e-06
9.327165319751445e-06
1.6080758468432176e-05
2.544561306272606e-05
3.764208363464746e-05
5.281373628185337e-05
7.129458921229939e-05
9.330036788232961e-05
0.00011878378528747692
0.00014778203127454396
0.0001806638921609003
0.00021722504892974283
0.00025758269122990737
0.0003015593914729867
0.0003490603164805844
0.0004002104651164594
0.0004543385819516698
0.000511715010256896
0.0005724929253624108
0.0006361187762747172
0.000702815740726122
0.0007725068586059771
0.0008447791790052322
0.0009187991968099033
0.0009946425507230867
0.0010730446326858223
0.0011534522361983904
0.001234909794549587
0.0013173611243693418
0.0014009598994845674
0.0014857460122217323
0.00157094350663017
0.0016568456858131989
0.0017419892262462826
0.001827048293569276
0.0019112585678926733
0.0019946838111735725
0.0020764737777269134
0.0021569582329922484
0.0022359500901548875
0.002312697471295097
0.0023861790644261836
0.002457413279155121
0.002524971123825083
0.0025886580229677503
0.0026491268566291274
0.002704724238765757
0.002756368776325409
0.002804185437279236
0.002847423017439824
0.0028856672602877017
0.0029184411607511224
0.0029455491337667737
0.0029676151195520096
0.0029835760409203252
0.002992298387701899
0.002994919936121142
0.0029911899279060497
0.0029821045775277125
0.0029665549856528915
0.002944591875479406
0.0029151566329294015
0.002880619820757409
0.0028391951633426828
0.0027915614689944684
0.0027378613161159132
0.0026778332786749153
0.0026112900560488614
0.0025384983302174976
0.002460065312510181
0.0023755043283590774
0.0022847880256199474
0.0021885830202223486
0.002086844018931183
0.0019797175339967784
0.001870281092793887
0.001757385946001396
0.0016425269487203482
0.0015254127276417618
0.0014065943599980075
0.001287433245366686
0.001169323096875682
0.0010520912378776514
0.0009370353084884972
0.0008247650282188331
0.0007151174615803021
0.0006095383877591252
0.0005092993574060435
0.0004144750275723054
0.00032729616363350305
0.0002479627580294995
0.0001774256234310714
0.00011697459531797289
6.781350674577358e-05
3.1176872064145696e-05
8.267981382428368e-06
3.3102582424941506e-07
