0.0
1.2947780253097617e-07
9.352612760689294e-07
3.0752784166036063e-06
7.233183092916626e-06
1.4105163881827652e-05
2.4347512645908843e-05
3.8620677653090285e-05
5.7601816885676676e-05
8.194095856529788e-05
0.00011226444399295284
0.00014918431519409843
0.00019337879441673817
0.00024549300054046606
0.000306157514741924
0.000376068730298461
0.00045588624331699754
0.0005463458367309968
0.0006480549577727695
0.0007617382515473834
0.0008879050376325258
0.0010272640723287005
0.0011805455655453112
0.0013484515709778554
0.0015316482882719988
0.0017308453810586902
0.0019465148522933996
0.0021793888592000175
0.0024300282860241283
0.0026993353632072214
0.0029880394005211606
0.0032968463142008246
0.0036264799805380407
0.0039778122135798516
0.0043511056172646475
0.004747172951044426
0.005166529730400887
0.005610125909367064
0.006078601485351349
0.006572449359664606
0.007092723632990805
0.007639697786255972
0.008214114806247974
0.008816493961141323
0.009447867179658113
0.010108969918574883
0.010800526350020748
0.011523218065837004
0.01227766883359042
0.013064301536506494
0.013884237244326473
0.014737735250624715
0.015625810522623858
0.016549723455154007
0.017509982055236625
0.018507177288824225
0.019541949324849327
0.020615534260004974
0.021728856310272833
0.022882596938244685
0.02407740866241289
0.02531375336449525
0.026592447099070014
0.02791413235637411
0.02927967303443269
0.030690402257635394
0.032146959752420635
0.033649955958121903
0.03519905798492486
0.03679506789824455
0.03843933981169087
0.04013269773475809
0.041876572704435434
0.043671438762862724
0.04551678420738322
0.047412989663907605
0.049362416101596744
0.05136354280003124
0.05341901513426375
0.05553018248886266
0.05769740822780318
0.05992172158072533
0.06220427062483673
0.06454443824705373
0.06694250480948824
0.06939868715627251
0.07191383043876695
0.07449000915011053
0.0771287123706593
0.0798291709606721
0.08259613141606613
0.08542850864075349
0.08832589353559252
0.09128611368229371
0.09431587041515303
0.09741135547332566
0.10056854103857173
0.10379144922061061
0.1070883739331306
0.11045532592144605
0.11389475116920506
