0.0
4.667827822146558e-08
4.80396404690756e-07
1.7196944562724636e-06
4.112408685797625e-06
7.933339552302042e-06
1.3369094029175768e-05
2.0546629187997153e-05
2.9445498231133434e-05
4.0076445960410894e-05
5.243403082255951e-05
6.634675530226065e-05
8.168446779310215e-05
9.832513905914535e-05
0.00011619553539687329
0.00013500769606275242
0.00015463554115582192
0.00017475206773608526
0.0001949908730752451
0.00021526494280136354
0.00023512419172786733
0.0002542366312642251
0.00027244202987978286
0.0002893748109519509
0.00030474576330761165
0.0003182438489153616
0.00032969818494665734
0.0003388799833991446
0.00034536128647892124
0.0003489519742229309
0.0003495813608546059
0.0003472259952811456
0.0003421216471427653
0.0003339907073329322
0.0003230879705749994
0.0003093159336641286
0.00029274565341281763
0.00027357773712828837
0.00025222685061815955
0.00022862888840223926
0.00020316851686018135
0.00017681298099709238
0.00014987062889274257
0.0001229414897056176
9.661392133220686e-05
7.162262152943483e-05
4.8963191117013706e-05
2.9443717277235006e-05
1.4022287565139292e-05
3.9316432052531905e-06
3.2975294131762415e-07
