0.0
4.512968411692184e-08
4.79527877170138e-07
1.7295551933509883e-06
4.17490625325754e-06
8.149130600317534e-06
1.389014194651521e-05
2.156319857226827e-05
3.1267684679546366e-05
4.318384492456082e-05
5.7350298904857115e-05
7.364044973881751e-05
9.19632351522551e-05
0.00011228350717191763
0.00013449575268757353
0.00015855359971583228
0.00018407853655240817
0.0002109221568864792
0.00023891115778727564
0.00026758890356472274
0.00029681705206925803
0.0003262858837633886
0.0003556629119447857
0.00038508310458321344
0.0004138620176180975
0.00044154695607783167
0.00046779966945207973
0.0004928868074807959
0.0005163324290421428
0.0005375139173112269
0.000556477208450518
0.000573122229939237
0.0005867483576310709
0.0005971213928878669
0.0006044261321104307
0.0006086233897672306
0.0006095194101482512
0.000606764235036362
0.0006003981273984224
0.000590486142465055
0.0005771267765705639
0.0005597661451131527
0.0005389424352001022
0.0005147748331647362
0.0004878742271289814
0.000457862937530124
0.0004252364662287753
0.00039036713023918567
0.0003538032978539557
0.0003157640710869326
0.00027681972851021616
0.00023763525487227854
0.00019893693046415568
0.0001613844229322329
0.00012555132182646826
9.224513541111049e-05
6.254576126438803e-05
3.708335508300734e-05
1.7450790147946673e-05
4.815796195136011e-06
3.3213059886727925e-07
