0.0
4.6568570501201307e-08
4.914478686646224e-07
1.7951715109210945e-06
4.3412588786769635e-06
8.504266882119862e-06
1.45587988357801e-05
2.266022723264568e-05
3.293398086110427e-05
4.55049525158214e-05
6.05377558384756e-05
7.809667015413008e-05
9.810871225207846e-05
0.0001206886976077156
0.00014582916458278513
0.00017327208648167293
0.00020301949663029635
0.00023509944431533182
0.00026923135046088046
0.00030528761878834604
0.0003430684168001689
0.00038219382930101183
0.0004221927967572172
0.00046264108696482306
0.000503197740038627
0.0005437746239022459
0.0005841243492489747
0.0006242149312350036
0.0006637428789383213
0.0007018859504440436
0.0007390517743183088
0.0007745824580978907
0.000807512593135215
0.0008383986123679652
0.0008666897399984217
0.0008921076999286665
0.0009144010818098217
0.0009338357586500772
0.0009495684758408287
0.0009617907999416095
0.0009702917884463197
0.0009746016486186533
0.0009742963710329984
0.0009699068959929452
0.000961085221755267
0.0009474313659113819
0.0009294094126918466
0.0009069200003057491
0.0008805123203322718
0.0008502100607861535
0.0008159646013723675
0.0007780260279719246
0.0007372872261554391
0.0006935369922411677
0.0006474277071255778
0.0005988441898785409
0.0005483639441441848
0.0004965249934299235
0.0004438891689559569
0.0003914692349989677
0.0003391789282165703
0.0002879650252207578
0.00023845736503828437
0.00019122046486242465
0.00014706729453683797
0.00010692967700832388
7.158177080370158e-05
4.222241123620652e-05
1.981019903802114e-05
5.421878477566148e-06
3.3277304819291697e-07
