0.0
1.9586831891242404e-09
2.036641774078324e-08
7.36409243641057e-08
1.7804901773002373e-07
3.472600156517167e-07
5.943125340705643e-07
9.304095064689978e-07
1.3654825598985663e-06
1.9057909939063853e-06
2.557350969589164e-06
3.325021528010385e-06
4.212708333145435e-06
5.2228785443709425e-06
6.35343726525102e-06
7.601316849483856e-06
8.964266722466568e-06
1.0435076753828447e-05
1.2009629671011817e-05
1.368142009854855e-05
1.543640229781289e-05
1.7278516098245205e-05
1.9196310520072468e-05
2.1176545906260794e-05
2.3203453033744062e-05
2.5268677182297568e-05
2.736954216579149e-05
2.950744150644196e-05
3.1651388050480996e-05
3.378917485377998e-05
3.59147397428434e-05
3.8019375435411326e-05
4.009052912417026e-05
4.210979714167605e-05
4.407662774112924e-05
4.597793227993113e-05
4.779720748121955e-05
4.951700246616188e-05
5.112741418313426e-05
5.262748244657537e-05
5.4000743093416374e-05
5.522693173219761e-05
5.630177374814853e-05
5.7202502820406946e-05
5.7930748639835524e-05
5.8496791862396296e-05
5.88794830523445e-05
5.9072553704668934e-05
5.907397105154177e-05
5.888612052146306e-05
5.8508712437188755e-05
5.79209238525795e-05
5.7113828740971065e-05
5.611868639363747e-05
5.4932295391718554e-05
5.355470844371398e-05
5.200265475239727e-05
5.028014504114173e-05
4.839709897636323e-05
4.635525260465578e-05
4.4166954177665045e-05
4.1843056729206875e-05
3.939921725824983e-05
3.684541387470686e-05
3.418191622025441e-05
3.144038375266273e-05
2.8647750341572267e-05
2.5833334412025027e-05
2.300864923864185e-05
2.0201194537712052e-05
1.7440297987492397e-05
1.476010815327333e-05
1.2192756260144888e-05
9.776945551525288e-06
7.538800511991577e-06
5.524744981004748e-06
3.7735542252497164e-06
2.3321839884687987e-06
1.2452609356288176e-06
5.622005927563388e-07
3.332296106534636e-07
