0.0
5.974252630398219e-09
4.2655505079616676e-08
1.3733792167740392e-07
3.1801067735394356e-07
6.130144842652972e-07
1.052401563680357e-06
1.6634567545638693e-06
2.4745031943295218e-06
3.5171851354791237e-06
4.817544643029948e-06
6.410415627120381e-06
8.320950246391544e-06
1.058226805962269e-05
1.3233177198960424e-05
1.6294444645948645e-05
1.979013567520314e-05
2.374936839271275e-05
2.81834870538442e-05
3.312636452145105e-05
3.861646965896741e-05
4.466952790649647e-05
5.132887801676263e-05
5.861112613982855e-05
6.654447204208523e-05
7.515083566421342e-05
8.445967038585868e-05
9.450170089822121e-05
0.0001053097847246368
0.00011690384360771194
0.00012933487244643586
0.000142638749963469
0.0001568491539606194
0.00017201676991902316
0.00018819145685841513
0.0002054069238316228
0.00022370460156224994
0.00024310432697035298
0.000263590273716091
0.0002851744321993871
0.00030789956912192823
0.00033178146927927626
0.00035687493627990097
0.0003834523273017647
0.0004118221811394729
0.0004420031127580224
0.00047401467130236177
0.0005079365438219073
0.0005438509366756159
0.0005817084453424539
0.0006215345443577552
0.000663395202694274
0.0007073350379387031
0.0007532397869034998
0.000801214922817056
0.0008513685566319968
0.00090382927180036
0.0009584048000331676
0.001015142481648566
0.0010740919973525548
0.0011353454713531829
0.0011989722172403494
0.0012647348991104
0.0013328583259034261
0.0014034645401817705
0.0014766469985711128
0.0015523561797606096
0.0016307032413804582
0.001711552353635908
0.0017948957000474787
0.0018806709760435017
0.0019692884683316487
0.0020605971332619873
0.0021547927278170484
0.0022517459311312818
0.0023514095225636586
0.002453557279360152
0.002558560537803
0.002666585565122804
0.0027772898262443026
0.0028909373041235953
0.0030074176993801147
0.0031268718437252765
0.00324926041216683
0.0033746864480044274
0.003503048917180662
0.003634947445504578
0.00377012616358988
0.003908711205503878
0.004049811531243257
0.0041939692688370755
0.004341467872285311
0.004492196369416786
0.0046462358669088644
0.004803485308502872
0.004963766674724177
0.0051275512122923115
0.005294882647506502
0.005465692766987763
0.005639958169386098
0.005817984383584305
