0.0
1.9187823393497466e-09
2.0214140962256414e-08
7.3859497816557e-08
1.802888028337495e-07
3.5497394809104766e-07
6.113903155200251e-07
9.605577122163213e-07
1.412230075208532e-06
1.9735057787685187e-06
2.6506544991047633e-06
3.4537471559223923e-06
4.388199842804329e-06
5.458238530467801e-06
6.660361010004918e-06
7.995123078071906e-06
9.459717041587022e-06
1.1053918190308249e-05
1.2771799599696393e-05
1.4613252075993893e-05
1.6564540789322316e-05
1.8630840316826217e-05
2.080614556467918e-05
2.3086322516895066e-05
2.5453856914599637e-05
2.79026306845844e-05
3.041642100635473e-05
3.299103219880473e-05
3.5619064765874235e-05
3.829114783476516e-05
4.09911384460028e-05
4.370256118902839e-05
4.6420450026784656e-05
4.913176506073324e-05
5.182547773048735e-05
5.448710975762065e-05
5.7095774972415066e-05
5.964593354762813e-05
6.213017446512711e-05
6.452386921181863e-05
6.683435849028392e-05
6.904956427562535e-05
7.114310176176439e-05
7.310505486106382e-05
7.4919323519039e-05
7.658851398027665e-05
7.809675726641904e-05
7.942828645241676e-05
8.057242877345221e-05
8.152356798401412e-05
8.229414976748724e-05
8.287746760694707e-05
8.326300911891995e-05
8.343653236528505e-05
8.339902456298476e-05
8.314455338606885e-05
8.268226451802571e-05
8.198957098355775e-05
8.107663949470336e-05
7.995344388246556e-05
7.862104843802606e-05
7.708257603299544e-05
7.532755633849344e-05
7.33668754527433e-05
7.121373122649783e-05
6.886290863030407e-05
6.631121811272742e-05
6.358089037059809e-05
6.067758105584014e-05
5.7632288587607126e-05
5.448017737545251e-05
5.122806775298139e-05
4.788644661751019e-05
4.44684533901488e-05
4.09958000100446e-05
3.74865935458118e-05
3.395186054260201e-05
3.0419427217368403e-05
2.6919063651631692e-05
2.3484231396865767e-05
2.0143271705834515e-05
1.6942744812065042e-05
1.3904306026844229e-05
1.1071220823796628e-05
8.479597254984094e-06
6.1685474163514555e-06
4.18337003202315e-06
2.561440667899988e-06
1.3505394688047762e-06
5.900649362836191e-07
3.322226701246602e-07
