0.0
2.0536486866435955e-09
2.100095440106292e-08
7.628266979025575e-08
1.852398272129387e-07
3.646088588196524e-07
6.281820476093797e-07
9.90754062802222e-07
1.461038162636687e-06
2.0476171941468742e-06
2.7596805680112522e-06
3.6028297775357043e-06
4.584273391571279e-06
5.71007217498442e-06
6.9760391087576665e-06
8.388064940363366e-06
9.952689956168345e-06
1.1663957240481432e-05
1.3527484627182558e-05
1.5537364317866074e-05
1.7682453985769938e-05
1.9954088977069957e-05
2.2350916792260612e-05
2.4869864233855638e-05
2.7511800821826476e-05
3.0261656935879278e-05
3.311964375340892e-05
3.6069361022408904e-05
3.9089388691394187e-05
4.218501950180761e-05
4.534273555270682e-05
4.8548164895958734e-05
5.17911946141684e-05
5.505969060980801e-05
5.836131526573472e-05
6.167423842724062e-05
6.498951143095341e-05
6.828916742165114e-05
7.155872205382107e-05
7.478898044041993e-05
7.79763648524081e-05
8.110988410160093e-05
8.416972866696452e-05
8.71414227938284e-05
9.001193982486466e-05
9.276949375905333e-05
9.539851192248224e-05
9.790976798669869e-05
0.00010027252191395063
0.00010246342551327902
0.00010449291446686256
0.00010635833782053216
0.00010805283537476672
0.00010954122296491575
0.00011082283060705856
0.00011189074522042835
0.0001127549199561926
0.00011339458455323171
0.00011381508862418878
0.00011400143685222637
0.00011397211983685223
0.00011372278873222461
0.00011322466462698764
0.00011247825741631629
0.00011148536824039307
0.00011024657613664116
0.00010878407657254261
0.00010709394131433618
0.00010515483149160498
0.00010297609554419059
0.00010055084745795246
9.789754387136297e-05
9.502768286813882e-05
9.195037537249848e-05
8.868704356214669e-05
8.524356839806377e-05
8.163183255736877e-05
7.786933431593107e-05
7.398446712443549e-05
6.997245172788188e-05
6.586227216843055e-05
6.16440901506936e-05
5.736995995848224e-05
5.302724896211316e-05
4.866346725390572e-05
4.429929036039676e-05
3.995974706245317e-05
3.567807886449546e-05
3.1480907813997054e-05
2.7405713300518653e-05
2.3470664599905295e-05
1.968070895952722e-05
1.6103289337838158e-05
1.2777305533573391e-05
9.74466985729854e-06
7.06282886742099e-06
4.7671860368218105e-06
2.896539905635713e-06
1.5006261356098696e-06
6.288020601600132e-07
3.3326354220247994e-07
