0.0
1.8420030034571594e-09
1.9105779340481236e-08
6.841646783438771e-08
1.6343921541560272e-07
3.1415541417988136e-07
5.283082403150114e-07
8.116330113300181e-07
1.1670506777568116e-06
1.5942454407741794e-06
2.0914713132338224e-06
2.657101862777623e-06
3.2844293530789828e-06
3.967968291087262e-06
4.699520161415503e-06
5.47003973115933e-06
6.267408517139409e-06
7.0821356100017946e-06
7.899448747919722e-06
8.71399213558373e-06
9.51074204050294e-06
1.0274055492812518e-05
1.0993499802542589e-05
1.1661390290020626e-05
1.2268301912670215e-05
1.2801508369404514e-05
1.3248344423103303e-05
1.3604756585659524e-05
1.3861233617256797e-05
1.401182677291772e-05
1.4049168412043113e-05
1.3970207904266048e-05
1.3765147623456248e-05
1.3440636297541193e-05
1.3000885957838154e-05
1.2447513051062402e-05
1.1785094114334142e-05
1.1019966466274922e-05
1.0162189940257047e-05
9.229492864321723e-06
8.233021129354997e-06
7.1891467750179955e-06
6.1310068035337795e-06
5.072736394399541e-06
4.042251865033757e-06
3.0675569199090855e-06
2.1842062055406376e-06
1.4285465358023982e-06
8.392029706216495e-07
4.583355911240528e-07
3.337190150874352e-07
