0.0
1.8750056220312438e-09
1.971842694413701e-08
7.094308693323211e-08
1.7009726864758613e-07
3.289368660387012e-07
5.573862648165571e-07
8.637978757671311e-07
1.2530433620794522e-06
1.728373553889342e-06
2.292004994334142e-06
2.943402248595971e-06
3.677894729056975e-06
4.49202436891462e-06
5.3808433697086704e-06
6.336528281437449e-06
7.352540463894696e-06
8.417180567299764e-06
9.518824953032953e-06
1.0656472614893826e-05
1.181410103779951e-05
1.2978782235098246e-05
1.4142998054383797e-05
1.52955164224403e-05
1.6425181902680306e-05
1.751951785900397e-05
1.8569350953334022e-05
1.9562770840103686e-05
2.0495646204722076e-05
2.1343752952173686e-05
2.2100787130094663e-05
2.2760096015173675e-05
2.3307365125093855e-05
2.3739219026293766e-05
2.4047515752275176e-05
2.4219068250737652e-05
2.425282743759621e-05
2.4142803928875205e-05
2.389490656102914e-05
2.35032148051724e-05
2.2964491602554826e-05
2.2282194835927124e-05
2.1466556391164608e-05
2.0520285743733393e-05
1.9455252964831834e-05
1.8279008340693586e-05
1.7000776629736334e-05
1.5628345994859537e-05
1.4172637474247887e-05
1.2664473073839846e-05
1.1120215033843581e-05
9.563713243906451e-06
8.02838473347734e-06
6.54066744562953e-06
5.13317408851032e-06
3.837264937505423e-06
2.6824785176113207e-06
1.7095249743984448e-06
9.634816157419037e-07
4.885548736566366e-07
3.313706968766326e-07
