0.0
1.8947353574027662e-09
1.9919178964291806e-08
7.263943191960622e-08
1.7577794446522648e-07
3.422713692058887e-07
5.827023921469535e-07
9.076465517627516e-07
1.3225001182337782e-06
1.8315810021055986e-06
2.44052805267157e-06
3.1530713079305052e-06
3.969006847456183e-06
4.886183211872051e-06
5.900207519232168e-06
7.006387375313127e-06
8.203284717122618e-06
9.478446312360482e-06
1.0829032132130916e-05
1.2249026161376277e-05
1.3721151690632367e-05
1.5238744279394721e-05
1.6797253884040722e-05
1.8381777864719152e-05
1.9980059338402022e-05
2.1581749793546436e-05
2.3174459716472066e-05
2.4749601073073136e-05
2.6300749135944524e-05
2.780521262941459e-05
2.9256639253080513e-05
3.0638584619689756e-05
3.194566554971051e-05
3.317042708148502e-05
3.430067486181719e-05
3.531609456111022e-05
3.6215229015794404e-05
3.6985632399990175e-05
3.76194671115789e-05
3.810970519826023e-05
3.844814991890177e-05
3.86318435886613e-05
3.865071988698107e-05
3.850022467453129e-05
3.8190430308604055e-05
3.7722681670293504e-05
3.7089658046923616e-05
3.628855534545871e-05
3.5320021788460265e-05
3.419027816087214e-05
3.291476727645731e-05
3.1491958272227513e-05
2.9928136333008233e-05
2.8241975829117353e-05
2.6437361635895256e-05
2.4528102153692114e-05
2.253402254447016e-05
2.0472721845037716e-05
1.8366911121037693e-05
1.6251233702057314e-05
1.4137419709320857e-05
1.2047053632459415e-05
1.0026310834670794e-05
8.100275747745325e-06
6.300363508320115e-06
4.657047610588466e-06
3.2178141718137223e-06
2.0222133499717424e-06
1.1072179357477119e-06
5.276179694014626e-07
3.326085563156369e-07
