0.0
1.7753138854655724e-09
1.8266123381771046e-08
6.484004266148544e-08
1.5252745692230528e-07
2.8930305126950596e-07
4.802321806380493e-07
7.27233234398468e-07
1.0287268111939612e-06
1.3813254495237487e-06
1.779924533519744e-06
2.2192661012098954e-06
2.692544400368882e-06
3.1911322798912702e-06
3.7028196047091524e-06
4.216809341316594e-06
4.720654606278121e-06
5.201409663183965e-06
5.64824032506375e-06
6.05094314298374e-06
6.397548646725534e-06
6.680200215397206e-06
6.888377901786684e-06
7.015001364940481e-06
7.05903575285875e-06
7.014859208358992e-06
6.875034777458727e-06
6.640617951776117e-06
6.313947303709317e-06
5.90318200193938e-06
5.415572034115939e-06
4.8604011997416255e-06
4.253439418051481e-06
3.606407432975793e-06
2.944420340837857e-06
2.290659305314284e-06
1.6779734634728454e-06
1.1377992001558526e-06
7.048583436869754e-07
4.209854684443159e-07
3.325481980622507e-07
