0.0
1.6895117496797124e-09
1.7256602672733385e-08
6.012136315854189e-08
1.3889387171442119e-07
2.57947249966423e-07
4.177915355238218e-07
6.160598961194699e-07
8.482921179462554e-07
1.1066906563200835e-06
1.3817270046323552e-06
1.6644170824518612e-06
1.942981974381274e-06
2.207110753562717e-06
2.4457404029826115e-06
2.646957190679061e-06
2.8014334859056385e-06
2.9001037706814853e-06
2.938592846725785e-06
2.911743949968109e-06
2.818055392531333e-06
2.6589325717831406e-06
2.4368553059117157e-06
2.1621417474302258e-06
1.845659969396843e-06
1.5050072971009952e-06
1.1595927245882809e-06
8.35341676596928e-07
5.646855158877152e-07
3.835008972340784e-07
3.337751998391322e-07
