0.0
2.556982428104137e-11
4.483143632527753e-10
1.8588527041170048e-09
4.783382803095605e-09
9.698441456822334e-09
1.7016998889814883e-08
2.7109556007057088e-08
4.031675348913697e-08
5.6901387715093115e-08
7.709612000034639e-08
1.0106837892451809e-07
1.289685661603008e-07
1.6084752933813645e-07
1.9680212136280285e-07
2.3682829524212256e-07
2.809255083672517e-07
3.28950272924283e-07
3.808720792160457e-07
4.365959815863178e-07
4.959462288438824e-07
5.587900896359805e-07
6.24987222668691e-07
6.944254388805213e-07
7.66768246089168e-07
8.418865680272396e-07
9.195130208988586e-07
9.992188486667167e-07
1.0806621515811122e-06
1.1634965516752342e-06
1.2475370301699677e-06
1.3324294338154199e-06
1.417483313288152e-06
1.5026399321025368e-06
1.5875861634389995e-06
1.6717617352340346e-06
1.754895874276514e-06
1.8367592023175617e-06
1.916809841612883e-06
1.994808853372727e-06
2.0702624764450363e-06
2.1426479919112225e-06
2.211793985878988e-06
2.2775503244778556e-06
2.3394175411803227e-06
2.397318520697793e-06
2.4506089298151625e-06
2.4987882257356694e-06
2.5417976241885464e-06
2.579478758857638e-06
2.6112779197760617e-06
2.637133758368918e-06
2.6568808056278755e-06
2.670582457786525e-06
2.677470190873032e-06
2.6777077962520555e-06
2.6714750755273048e-06
2.6584669861945634e-06
2.6386727106115745e-06
2.611649578688237e-06
2.5777744241595125e-06
2.537095094404188e-06
2.4897654001857706e-06
2.4365629841651177e-06
2.3774568222939e-06
2.3123868738094135e-06
2.2415805235047986e-06
2.1651750258489684e-06
2.0834280896615543e-06
1.9964567457914485e-06
1.9046863219606154e-06
1.8092289608956228e-06
1.710079611540693e-06
1.6082822171427114e-06
1.5044821109791092e-06
1.3998318872840735e-06
1.2944189790763625e-06
1.1894220832330172e-06
1.0857657517530557e-06
9.83736939432888e-07
8.849892576722094e-07
7.904477775024995e-07
7.010690792917906e-07
6.183275430243068e-07
5.427912018249425e-07
4.763782282588598e-07
4.2049504915441477e-07
3.762205495125584e-07
3.455787788379164e-07
3.3037317685856826e-07
3.325107326086995e-07
