0.0
2.2970929402262862e-11
4.172079819472572e-10
1.719372869012644e-09
4.379031683213525e-09
8.773261545027453e-09
1.5207335204580962e-08
2.3912463955039152e-08
3.507013457254104e-08
4.881332531930831e-08
6.520885933795467e-08
8.42315160470053e-08
1.0581342370122812e-07
1.2987399524236887e-07
1.562966699277481e-07
1.8490471653712983e-07
2.155699792830108e-07
2.480264464367464e-07
2.8199075128302025e-07
3.1712005230238843e-07
3.532355708127678e-07
3.899969995961187e-07
4.271323241359987e-07
4.642356234791347e-07
5.0092543994363e-07
5.368919747112657e-07
5.718196896103197e-07
6.052587966020982e-07
6.369120356818732e-07
6.665361061482023e-07
6.938343846890972e-07
7.185000908905918e-07
7.402391926906753e-07
7.588522292589996e-07
7.741228329331471e-07
7.858251633520685e-07
7.938134667238061e-07
7.980579624752885e-07
7.985037855581469e-07
7.948937877712579e-07
7.872615745911977e-07
7.755789049019976e-07
7.600667239142227e-07
7.408544063372025e-07
7.181454150311479e-07
6.92246137817675e-07
6.635419418434425e-07
6.324406850470702e-07
5.99416565904422e-07
5.649736612882261e-07
5.295545082809166e-07
4.941365229824949e-07
4.594126796471363e-07
4.262116453705171e-07
3.9544131984756623e-07
3.6829982699079396e-07
3.459095138383095e-07
3.295227492199472e-07
3.206219485968639e-07
3.2073692651588353e-07
3.3170163081467096e-07
