0.0
5.4933114127758426e-11
7.525968713309957e-10
3.072338661107952e-09
8.013440084744693e-09
1.6557052309802933e-08
2.9665974788726482e-08
4.833580947212004e-08
7.353476409208821e-08
1.0622372803909526e-07
1.4740516097793065e-07
1.980853858259585e-07
2.59252535300201e-07
3.319066939864633e-07
4.1701344476436613e-07
5.155321727772621e-07
6.285030688235048e-07
7.568519895274572e-07
9.015511837155881e-07
1.063506129302502e-06
1.243770382450293e-06
1.4432945417821644e-06
1.6630232442117553e-06
1.9040399725489498e-06
2.1673227020176174e-06
2.453771943631849e-06
2.7644421876338517e-06
3.1003054111749462e-06
3.4624138689627868e-06
3.851720100421796e-06
4.269255284835531e-06
4.7160196729578295e-06
5.193049229948322e-06
5.701214656711707e-06
6.241619260147106e-06
6.815205964254892e-06
7.4229068813824536e-06
8.065574000274606e-06
8.74427153005277e-06
9.459957879708686e-06
1.02140549267515e-05
1.1009643016629067e-05
1.1848253121803607e-05
1.2730860039904313e-05
1.3658605141634641e-05
1.4632572904649766e-05
1.5653457352333774e-05
1.6722598444624175e-05
1.7841149415918607e-05
1.9010293217856932e-05
2.0230974853873503e-05
2.150413908772898e-05
2.2830802581758207e-05
2.4211936581741184e-05
2.5649223508091603e-05
2.7143855929312555e-05
2.869643556497976e-05
3.0308014834022288e-05
3.1980042134207536e-05
3.371277263530954e-05
3.550734961142217e-05
3.73651030376467e-05
3.928651767278167e-05
4.127737505361775e-05
4.3340762514869925e-05
4.5477805417032423e-05
4.7688839056193e-05
4.997519980075695e-05
5.233784986782773e-05
5.477811229261786e-05
5.729671031855741e-05
5.9894350155069124e-05
6.25726032309548e-05
6.533284457725872e-05
6.817456828780115e-05
7.109977613180026e-05
7.411028524240452e-05
7.72055628293365e-05
8.038636714370395e-05
8.365430953522392e-05
8.701009248198902e-05
9.045514359678812e-05
9.399137215711379e-05
9.761746587464298e-05
0.0001013349855285624
0.00010514411005587477
0.0001090480325409112
0.00011304738731728856
0.0001171419298515036
0.0001213358107329612
0.00012562702118962003
0.00013001841010803098
0.000134511624431263
0.00013910681380226527
0.00014380481402263173
0.00014860374533416174
0.00015350682341713266
0.0001585133786551796
0.00016362674553671287
0.0001688463424009143
0.00017417206532702263
