0.0
2.601688500401652e-11
4.5532359090564883e-10
1.8909652372238185e-09
4.8733737402207185e-09
9.894433961793792e-09
1.7396832233050037e-08
2.7789067515182184e-08
4.1445395475742846e-08
5.8638660404413396e-08
7.96346805044914e-08
1.046445883035321e-07
1.338969593696265e-07
1.6745575932324944e-07
2.0550208361025372e-07
2.480766539050084e-07
2.952729042005009e-07
3.4698898742380927e-07
4.0326703625133085e-07
4.6396248152933813e-07
5.28980494805091e-07
5.982909513741199e-07
6.717823442298976e-07
7.492868087975451e-07
8.305835144234247e-07
9.156486021730208e-07
1.0040487414631904e-06
1.0955406539073367e-06
1.1898454201576498e-06
1.286705051774874e-06
1.3858024266062232e-06
1.4869372195409298e-06
1.5897092088308565e-06
1.6937959180919046e-06
1.798807643926311e-06
1.9044373740859916e-06
2.0102594604539147e-06
2.1158512351700497e-06
2.2207187511058657e-06
2.324783159504436e-06
2.4275706466544103e-06
2.5286399628284297e-06
2.6276296508821148e-06
2.7242895849524227e-06
2.8183221541899826e-06
2.9096175472743225e-06
2.9973605119416998e-06
3.0811116206377856e-06
3.1605156111209826e-06
3.235505834903294e-06
3.305347888000326e-06
3.3698562308368766e-06
3.4290415008028033e-06
3.4823986426622813e-06
3.5293726634301967e-06
3.5698002052644914e-06
3.6038579291339643e-06
3.631429051472445e-06
3.652210393465121e-06
3.6655849179608123e-06
3.671667076207971e-06
3.670309067330475e-06
3.661024604932591e-06
3.644577805274391e-06
3.6206121266277643e-06
3.588497557277439e-06
3.549135227063577e-06
3.502423073077704e-06
3.448435788764521e-06
3.3870304519155024e-06
3.318757392346563e-06
3.2434037885345374e-06
3.1614589656202e-06
3.072744885953194e-06
2.9772468589800925e-06
2.8754987214896636e-06
2.7683244267152818e-06
2.6560189818182226e-06
2.5388190597103133e-06
2.4171962502988884e-06
2.2919588699805203e-06
2.163833809083446e-06
2.033584359934074e-06
1.9017924243343315e-06
1.7686917770821294e-06
1.6355280536706759e-06
1.502831438784843e-06
1.371749978823826e-06
1.2431380280706113e-06
1.1180550353003862e-06
9.970806654370093e-07
8.821762054192253e-07
7.741105555768019e-07
6.744526072519613e-07
5.844123059710081e-07
5.057427160959056e-07
4.394508515933937e-07
3.871341026900938e-07
3.5058721705949595e-07
3.316631567555116e-07
3.3213900149758806e-07
