0.0
2.2164924478333093e-11
4.0312302025664215e-10
1.652346137074544e-09
4.18252178354754e-09
8.329429503469031e-09
1.4347683456089793e-08
2.2401343664121142e-08
3.259712785951837e-08
4.499780857229613e-08
5.958833160215087e-08
7.629541337429261e-08
9.497869435859612e-08
1.154800642412232e-07
1.3762631079015554e-07
1.611289400012389e-07
1.858099397852346e-07
2.113358526020734e-07
2.3741646696936765e-07
2.6365496697185143e-07
2.8978486864515797e-07
3.15482628677254e-07
3.404678713509259e-07
3.6433974760224284e-07
3.8676745733798145e-07
4.074813871233949e-07
4.2621773057948206e-07
4.427285053388944e-07
4.5678869915954913e-07
4.682028518294957e-07
4.768630810180247e-07
4.826185569287089e-07
4.854162362835485e-07
4.851404438435457e-07
4.819263680053172e-07
4.7581101989668984e-07
4.669340507671464e-07
4.555953373453381e-07
4.4207448156460944e-07
4.266278169042324e-07
4.098064851708647e-07
3.9209474302795226e-07
3.7405587531136324e-07
3.564594861996434e-07
3.400295108595167e-07
3.2585896709230133e-07
3.1496878063104356e-07
3.084634397130704e-07
3.0760808326888343e-07
3.141026185776185e-07
3.2957445939196337e-07
