0.0
2.037461979283848e-11
3.72071300374044e-10
1.4952732800000063e-09
3.7028841538684756e-09
7.199579175645753e-09
1.2091270160161373e-08
1.840184031571665e-08
2.6087389272511316e-08
3.503461674613022e-08
4.509724134783167e-08
5.608876458297572e-08
6.778763357972077e-08
7.996027549642924e-08
9.238439542319964e-08
1.048354406746264e-07
1.1715431913166153e-07
1.2915664979050784e-07
1.4075613144785617e-07
1.5187562389817604e-07
1.625425576524283e-07
1.728535135529647e-07
1.8298919740908176e-07
1.9320562177424144e-07
2.0388972704111095e-07
2.1554346036337913e-07
2.2884519035936123e-07
2.445557407719068e-07
2.6364541172022554e-07
2.8727003406759087e-07
3.168602136370822e-07
