0.0
2.1380173345572806e-11
3.890896381817711e-10
1.58078105549342e-09
3.963872914429763e-09
7.811995735053733e-09
1.330555514640528e-08
2.0541777130326386e-08
2.955205689885389e-08
4.029244869152201e-08
5.2670807125148645e-08
6.654701255570373e-08
8.170455153872515e-08
9.790944305333188e-08
1.1492000720052818e-07
1.324472579173327e-07
1.5023478085337759e-07
1.6793509954512496e-07
1.8528552667623586e-07
2.019430195154671e-07
2.1770322167955599e-07
2.32279851043204e-07
2.4547688963611856e-07
2.570827760376187e-07
2.6693063441223536e-07
2.7491508913107745e-07
2.810340883537964e-07
2.852637338316736e-07
2.877012898867744e-07
2.8849315210734645e-07
2.8792550102484903e-07
2.8622897676101795e-07
2.8380560118200867e-07
2.8124565451938093e-07
2.7912776290763145e-07
2.781703544663428e-07
2.7928862065319685e-07
2.8353841170414237e-07
2.9201725302454773e-07
3.0609726494103925e-07
3.273478526012293e-07
