0.0
2.454122590535331e-11
4.3534415785557385e-10
1.8076583135296736e-09
4.654050161377935e-09
9.42151741991693e-09
1.6491777615975476e-08
2.6197459555300232e-08
3.884151321868874e-08
5.4666154526747764e-08
7.381828293593575e-08
9.64222897389602e-08
1.225504665534824e-07
1.5223156791704398e-07
1.8549752700519648e-07
2.2231124140816653e-07
2.6256073512740853e-07
3.060851533680309e-07
3.5279431195836335e-07
4.026048602096702e-07
4.5530702869639596e-07
5.107173415193836e-07
5.685567964519101e-07
6.285382390049046e-07
6.903966137672546e-07
7.539431544597635e-07
8.188448007007834e-07
8.846950361328674e-07
9.51135813191432e-07
1.017820830714127e-06
1.0844600267036834e-06
1.1506507505051515e-06
1.2159161733987323e-06
1.2799233820791789e-06
1.3423742906423358e-06
1.40279124322992e-06
1.460833499521869e-06
1.5163761076783968e-06
1.5689132653877673e-06
1.618210541458282e-06
1.6636790239343086e-06
1.7052082135232208e-06
1.742405726716398e-06
1.7753137557795503e-06
1.803436410167792e-06
1.826830697472241e-06
1.844923539297998e-06
1.8576702499046716e-06
1.8649337615674974e-06
1.8664354650847548e-06
1.862458040475184e-06
1.8526258786761732e-06
1.8371146585223142e-06
1.8158628372990497e-06
1.7888648607269905e-06
1.7562105868489698e-06
1.717829259261046e-06
1.6740452443193225e-06
1.6247337783134276e-06
1.570533393502496e-06
1.5116115696129749e-06
1.4483269408488658e-06
1.3811185842432722e-06
1.3105113743084178e-06
1.2371156321469921e-06
1.1613040753815992e-06
1.0838604905791543e-06
1.0055797995991854e-06
9.264711569650694e-07
8.477168438905699e-07
7.704365401507887e-07
6.956271220127147e-07
6.243089375625525e-07
5.576737359248425e-07
4.967402502495699e-07
4.427721087864987e-07
3.973147554307711e-07
3.618482725785459e-07
3.380349580249506e-07
3.2747686437642004e-07
3.319257719742567e-07
