0.0
2.3770616260620396e-11
4.284203736915642e-10
1.7762319526598056e-09
4.551752125806985e-09
9.168857274341618e-09
1.597422313546731e-08
2.5260895334509596e-08
3.728263322674854e-08
5.221481168233503e-08
7.017624255618053e-08
9.123057283626138e-08
1.1537912211042047e-07
1.4260439425775652e-07
1.7286197853255963e-07
2.060439414186362e-07
2.420712989889005e-07
2.8073811794697506e-07
3.218223065211786e-07
3.650948945512934e-07
4.1041836780323954e-07
4.574712221309988e-07
5.059319165650205e-07
5.55436124388489e-07
6.056568371937845e-07
6.563386656875112e-07
7.071865022783488e-07
7.576915529276384e-07
8.075263742635206e-07
8.563840106004769e-07
9.04051902599823e-07
9.501576685680633e-07
9.941170245226653e-07
1.0357003177346622e-06
1.0745825959086338e-06
1.1104200566957835e-06
1.1428909725509375e-06
1.1718859690873219e-06
1.1970019987822912e-06
1.2181017595262863e-06
1.2348025429464606e-06
1.2470737040727237e-06
1.254617548919906e-06
1.2574836081932157e-06
1.2554966622537247e-06
1.2484418725976864e-06
1.236294222675943e-06
1.2192044361318029e-06
1.1973927577292687e-06
1.1709521984069133e-06
1.1398217277658629e-06
1.104469001019773e-06
1.065011821311392e-06
1.0215444595105878e-06
9.746482957671983e-07
9.2477554963536e-07
8.72447687987164e-07
8.182019886615986e-07
7.626703337412766e-07
7.064843672277276e-07
6.505508421161086e-07
5.957769421739208e-07
5.429221724914375e-07
4.929402152982439e-07
4.471312511074269e-07
4.0662015051404104e-07
3.7276268918962095e-07
3.468625429946185e-07
3.30310208907957e-07
3.2483956972537526e-07
3.3225913565000337e-07
