0.0
1.3546937019721205e-08
2.45976692571731e-07
1.0086465866610078e-06
2.5585319882080624e-06
5.105067578234586e-06
8.814396662014e-06
1.3822684701971854e-05
2.022635164178934e-05
2.8102280324935583e-05
3.7513735708682105e-05
4.850085986044527e-05
6.109969975919793e-05
7.532979635140689e-05
9.122682805820322e-05
0.00010882888442799665
0.00012819131799931836
0.00014937744709379408
0.0001724724699298833
0.00019758793814116267
0.00022489924130065443
0.0002545737495997884
0.0002868351816354252
0.00032193131049230273
0.0003601625162907063
0.000401895696492822
0.0004475763704804646
0.0004976984865494605
0.0005528634826735138
0.0006137676214821193
0.0006811702346241522
