0.0
1.3616947934238116e-08
2.463525820257915e-07
1.0081497297820613e-06
2.551636188352179e-06
5.075340193635821e-06
8.731333282906984e-06
1.3629423938485704e-05
1.9835786757201236e-05
2.738253162609872e-05
3.6284309105552915e-05
4.651221693827528e-05
5.802828358667822e-05
7.075800701358583e-05
8.462015812004321e-05
9.951067163378082e-05
0.00011533811269390094
0.00013200521413138106
0.00014942146954225006
0.00016748855947572595
0.00018614487881453152
0.00020527653655130483
0.00022485837416817372
0.0002448140440070892
0.00026514325364488354
0.00028584272872080036
0.00030694857949221065
0.0003285279117841736
0.00035069324783984756
0.0003736100537881995
0.0003974597673584151
0.0004224885884873711
0.00044897699629693744
0.0004772447075231982
0.0005077371652024285
0.0005409094579428743
0.000577324124621445
0.0006175725277515931
0.0006623768492978426
0.0007125570242594794
0.0007690131638068824
