0.0
1.4509482282007691e-08
2.6255707599967275e-07
1.08842503477161e-06
2.796375986546999e-06
5.64651158950843e-06
9.86245841937454e-06
1.5627497709237184e-05
2.3095969529984336e-05
3.2385371090594765e-05
4.3588379219282444e-05
5.6747388173682126e-05
7.190642845757397e-05
8.906136968121823e-05
0.00010819619546159724
0.0001292328693369325
0.00015213412968725898
0.00017680725957963732
0.00020315637552315643
0.0002310331868544264
0.00026031667571060674
0.0002908209343076195
0.00032243381305176205
0.000354943948119993
0.0003881252153210505
0.0004217773600405091
0.00045572907595890116
0.0004898167998659123
0.0005237947935452982
0.0005575547186262597
0.0005908493797721717
0.0006234816191635207
0.0006552325824825606
0.000685925319472341
0.0007154131363027589
0.0007434368884596905
0.0007698567490187483
0.0007944489382041054
0.0008171894480634617
0.0008378757273454655
0.0008563768006292846
0.0008725776451793502
0.0008864524440745136
0.0008979613095623888
0.0009070208244419428
0.0009134754184479015
0.0009174340282913583
0.0009188977797427401
0.000917921244083011
0.0009146837323716322
0.0009092490713898824
0.0009016816970217081
0.0008922202051619591
0.0008810749752649113
0.0008685085041458428
0.0008547023032018449
0.000840108073709663
0.0008250434602044244
0.0008097203493105311
0.0007947746657283542
0.0007805094689845477
0.0007676006761575629
0.0007566379882014457
0.0007481147546892179
0.0007427660199339077
0.0007412529600456152
0.0007443881722522996
0.0007532255579873002
0.0007686878160068247
0.0007917492410500006
0.0008234717801764058
