0.0
1.494671519543797e-08
2.678165995196323e-07
1.1114235518766664e-06
2.8635454919797615e-06
5.802074494857708e-06
1.0171744954306697e-05
1.618337305837273e-05
2.4015581751655918e-05
3.381750937233392e-05
4.5715949522445566e-05
5.97919196687364e-05
7.610067037295701e-05
9.467336420089852e-05
0.00011553644773709688
0.00013865063699795323
0.00016401037114917107
0.0001915503417393975
0.00022118995833390556
0.00025284166473751483
0.0002864031530185031
0.0003217313997543605
0.0003586973441641809
0.0003971280826301753
0.0004368240903912714
0.00047761238409652404
0.0005192944802790583
0.0005617297079966222
0.0006047054880413302
0.000648091604911099
0.0006916307006331045
0.0007351546574936006
0.0007783720034232664
0.0008210950655554467
0.0008631474404669684
0.0009042771021652527
0.0009443123532874324
0.0009829149493294415
0.0010199483558364756
0.0010552442726934218
0.0010885643722917259
0.0011197101841052524
0.0011485940597556873
0.0011750927161680057
0.0011990125476873377
0.00122010856782204
0.0012383971021449754
0.0012536289827262373
0.0012658759716544182
0.0012751868937074344
0.0012813756934226114
0.0012843461011858603
0.0012841349874149607
0.0012807567486677514
0.0012741541453854274
0.0012643621713351735
0.0012517008776250739
0.001236232024523397
0.0012180296230974194
0.001197314738910959
0.001174051347600509
0.0011486544843200362
0.0011213688122965382
0.0010925058316659357
0.0010623938997171268
0.0010314886924922813
0.0010000869605946581
0.0009685531279015495
0.0009374188511502142
0.0009072321527901014
0.0008785163459201441
0.00085172073235611
0.0008276423513921378
0.0008069665705129383
0.0007904399228182142
0.0007788587295418847
0.0007729370538738509
0.0007736798012338938
0.0007819522808693651
0.0007988245094017732
0.0008253549389171459
