0.0
1.5493117366056153e-08
2.755081317670509e-07
1.145415553121073e-06
2.9648671823177326e-06
6.041565517411346e-06
1.0655219738738146e-05
1.705072292252933e-05
2.5446280532105328e-05
3.60329667777534e-05
4.899350934702652e-05
6.446908168943523e-05
8.256154943432991e-05
0.00010336595826267301
0.0001269440092112896
0.00015332435191770565
0.00018260020053450913
0.0002147394786771687
0.00024973679134602595
0.0002875869704291388
0.0003282230319779414
0.00037157769343028313
0.00041758854292661105
0.00046618614463849313
0.0005171456979315985
0.0005703292672155303
0.0006256393110382086
0.0006829706991647154
0.0007421226190457372
0.0008029340394680342
0.0008652717649172753
0.0009289247533697134
0.0009937297000210713
0.0010594133578124157
0.0011258284584795073
0.001192759954492985
0.001259939957330834
0.0013270984235848578
0.0013940139201204813
0.0014606502479033647
0.0015267689927602084
0.0015919805972269844
0.0016560510093272644
0.00171877702511652
0.0017798170673113006
0.0018390832762458773
0.001896458065222024
0.0019515750019117538
0.0020043362819371783
0.0020545476460171056
0.0021018991252835565
0.0021461431905583747
0.0021871725154877647
0.002224919822209918
0.0022590620428742957
0.002289446768966817
0.0023161723305924393
0.0023389685707788654
0.002357677180268144
0.002372246706155953
0.002382346177311914
0.0023880337231215773
0.0023893007737289377
0.0023860227076776394
0.002378380491491846
0.0023663741250130373
0.0023498907633062198
0.0023290235463904094
0.0023040424882462295
0.0022750518820998118
0.002242058702094866
0.00220497451790978
0.0021640584768898553
0.0021195370170793543
0.0020715222251942358
0.0020199157243223484
0.001965148332300118
0.0019073798039911407
0.0018471263288605728
0.0017846108751291972
0.0017201659208527303
0.001654120562215269
0.0015867893848274886
0.0015188291968372576
0.0014504671705280572
0.0013824999998852039
0.0013151333497239733
0.0012490141677649561
0.0011847618724618169
0.0011229680763933496
0.0010643248886525638
0.0010094132599441149
0.0009593319912640346
0.000914604006644468
0.0008761422178527506
0.0008446191415995679
0.0008212048081596532
0.0008068628319973588
0.0008025217130244997
0.000809311628507925
0.0008283272488958988
