0.0
1.522409134422346e-08
2.7169603797326436e-07
1.129018307392953e-06
2.915419720406016e-06
5.920514295527066e-06
1.0409471296603963e-05
1.661130405986837e-05
2.472062527403757e-05
3.491630065332948e-05
4.736060698447345e-05
6.216722993024064e-05
7.941319398153435e-05
9.915723816195412e-05
0.00012145514421576842
0.0001462944031415358
0.00017372279017419795
0.00020369768412960228
0.00023616567515984685
0.00027107264626464897
0.00030836399874064886
0.00034792662402892866
0.00038965133626612267
0.00043343490280625874
0.0004790676099393466
0.0005263622006816471
0.0005751640070691835
0.0006253378139109864
0.0006766828970858573
0.0007290712646343981
0.0007823034080637744
0.0008362149880723319
0.0008904858913637543
0.0009449361368855028
0.0009993949433891407
0.0010536058264467242
0.0011073892552361444
0.0011604205258533954
0.001212495764007681
0.0012634607033402826
0.001313136791462195
0.0013612367421341957
0.0014075451562795336
0.001451990621155065
0.001494307915275202
0.0015341785333149332
0.0015715835560175303
0.0016061810513524604
0.0016378384325319354
0.0016665874567562697
0.0016921659975373427
0.0017143243764440688
0.0017330789624945965
0.0017483106450909738
0.0017597906587777854
0.0017674126985261357
0.0017714191708190284
0.0017716301171290362
0.0017679416841624503
0.0017605046718249878
0.0017491262675321517
0.0017340065460120168
0.0017151733497504425
0.001692698958738383
0.0016666398702384342
0.0016373877417603002
0.0016049264473065772
0.0015694634747705865
0.0015313565658759075
0.0014908295558785794
0.0014480421096662401
0.0014030623381231162
0.001356532039310002
0.0013086791420995401
0.0012598883328782142
0.00121065512958902
0.0011613987186330226
0.0011125680026667392
0.0010648835170785505
0.001018890666372919
0.0009750775741630654
0.0009342271431385105
0.0008970132493032782
0.0008641327006050854
0.000836321405369882
0.0008145073197220318
0.0007995304528261492
0.000792286563957429
0.000793882512372127
0.0008053558443860398
0.000827820619762612
