0.0
1.4225021334516927e-08
2.576143576847728e-07
1.0634480877001976e-06
2.7188275241217216e-06
5.463350258201358e-06
9.495254752182175e-06
1.497600242220013e-05
2.2026017876438244e-05
3.0733885017510495e-05
4.1159002812251385e-05
5.330602676490328e-05
6.717786293130393e-05
8.27346678858706e-05
9.992464158192291e-05
0.00011864096518864478
0.00013882004693440027
0.00016034064177684282
0.00018308118351705128
0.0002068657036388058
0.00023157292227237347
0.0002569931802111809
0.00028298658416956324
0.00030935880982300176
0.00033587206923494604
0.00036232747477331204
0.0003885662574753531
0.0004144291635100892
0.0004397169894759009
0.0004643267046455151
0.0004880317585646894
0.0005107168587227339
0.0005321843870455094
0.000552320286528055
0.000571074149817473
0.0005882677845954131
0.0006037909057867751
0.0006175592428041197
0.0006296493859957174
0.0006400311771473904
0.0006487104422928277
0.0006556763937130843
0.000661070257611113
0.0006650238781776147
0.0006676233309591974
0.0006689915178476457
0.0006694230098737177
0.0006691388135724477
0.0006685527919627498
0.0006679792257624018
0.000667904045020536
0.0006687109203752965
0.0006709005329808118
0.0006750457780397039
0.0006817153156874927
0.0006914994715198796
0.0007051455450245151
0.0007234503191345711
0.0007473406504757582
0.0007777450479928972
0.0008156642710065336
