0.0
1.386375406942859e-08
2.5148181295994306e-07
1.0340962570657376e-06
2.6304670581571862e-06
5.258125294702258e-06
9.090870009468044e-06
1.4260369010041415e-05
2.085608590756241e-05
2.8929156497793935e-05
3.8512074392087644e-05
4.9577727191636134e-05
6.20989632063145e-05
7.600253834395157e-05
9.121086047041466e-05
0.00010759938671359413
0.00012506159995976485
0.0001434676850667776
0.00016268261253394193
0.00018254209226324205
0.00020292561150147954
0.00022363403598811338
0.0002445553288774489
0.0002654941647556366
0.00028629322679991887
0.00030680011758378546
0.00032690469912878366
0.00034651617832655806
0.00036549369863162737
0.00038379037281025913
0.00040135263958853605
0.0004181367804942149
0.00043412826895893806
0.0004493567589839597
0.0004638984463505915
0.00047778865814321325
0.0004911638996668804
0.0005041477416181933
0.0005169932970029721
0.000529944061011992
0.0005432740078651233
0.000557265622931244
0.00057239996119705
0.00058915127015151
0.0006079510917836945
0.0006293606272411773
0.0006540530239501434
0.0006827062586064587
0.0007161832282077106
0.0007553359861367584
0.0008012604239376323
