0.0
3.063561031707516e-08
4.577921018843641e-07
1.8826463095621024e-06
4.908093171689433e-06
1.0138296490780725e-05
1.8163539525389363e-05
2.9579446481240515e-05
4.494833703567248e-05
6.485232765444886e-05
8.993982574012293e-05
0.0001208920874283115
0.00015829821983760062
0.0002027416292745699
0.00025482720517702555
0.0003151466315439274
0.00038427889604458743
0.00046281375865471784
0.0005513921565470346
0.0006505691237762498
0.0007609544650473284
0.0008831391253490033
0.0010176861266245703
0.0011652125167269179
0.0013262297394285355
0.0015013825370405853
0.0016913011218388505
0.0018964917810202501
0.0021176415082758532
0.002355635126471332
0.0026110566610492002
0.0028845466702264976
0.003176654364173445
0.0034880047263186327
0.003819231554711375
0.004170783915044889
0.004543236961212913
0.004937284700418086
0.005353450233654101
0.005792363207026132
0.006254610402907075
0.006740814233286364
0.007251540403521932
0.007787342283725437
0.00834877057222536
0.008936353093692355
0.009550775229929866
0.010192662057053655
0.010862536953573323
0.011561112415676556
0.012288973935782703
0.013046742507979386
0.013835063572953185
0.01465448961408506
0.015505626301177116
0.01638901964135137
0.017305203005380146
0.018254811335976444
0.019238495706215705
0.02025668869347507
0.021310056348490408
0.02239913214649468
0.02352449544557552
0.024686616370853932
0.025886234415087542
0.02712403354819654
0.028400545545575254
0.02971633584457612
0.031071988492600323
0.0324681129164667
0.033905357619211235
0.035384553721747126
0.036906179427030575
0.03847072995120255
0.04007908617623255
0.04173167496216796
0.04342884528274826
0.04517135530062106
0.0469598658523014
0.04879486087774337
0.050676884035538716
0.05260648372796939
0.05458427509301466
0.05661100283610152
0.05868730829422746
0.060813671610014615
0.06299095906981896
0.065219273111268
0.06749935040428955
0.06983191173398137
0.07221747772534795
0.0746570159198666
0.07715095389050917
0.07969965427677117
0.08230344331972764
0.0849636881605797
0.08768122020313025
0.09045632125540756
0.09328915293241215
0.09618072081972222
0.09913137490773083
