0.0
5.957143821044927e-10
1.1156395354363825e-08
4.6866910984499635e-08
1.212222228769556e-07
2.469983248997773e-07
4.348252117447314e-07
6.955654090464485e-07
1.0373243299624127e-06
1.4664389828197096e-06
1.9911435445681176e-06
2.6151187766322683e-06
3.3437034899160468e-06
4.176309609709255e-06
5.118862985852857e-06
6.174826934615538e-06
7.345482213624792e-06
8.630821380858778e-06
1.0024745527382614e-05
1.1531456936099093e-05
1.314502101630862e-05
1.485991882838964e-05
1.6670743100524166e-05
1.8572123277510343e-05
2.056459800682434e-05
2.264429446200425e-05
2.4794814135595406e-05
2.7015882916933993e-05
2.929841325933592e-05
3.164061366456692e-05
3.403137634698609e-05
3.6464806299962386e-05
3.892430475174612e-05
4.14171891663949e-05
4.393419596368654e-05
4.646063601301554e-05
4.8988201836888294e-05
5.1517512649475654e-05
5.40287538335896e-05
5.6513027688175414e-05
5.896319827811658e-05
6.137966733508087e-05
6.374851280939677e-05
6.606074493141487e-05
6.83054821244461e-05
7.048473356924242e-05
7.258939436149195e-05
7.461056130726589e-05
7.653447356128503e-05
7.834418267566768e-05
8.003386425123924e-05
8.159619762561375e-05
8.302678921717036e-05
8.43104792200403e-05
8.544351759608409e-05
8.641874910273814e-05
8.723732377147784e-05
8.790436581817837e-05
8.839856998017829e-05
8.869644814140805e-05
8.878694765360255e-05
8.870225270557129e-05
8.84383610032503e-05
8.796969195992763e-05
8.730500523654074e-05
8.644762255718726e-05
8.540130918707493e-05
8.417571196401652e-05
8.277378254487062e-05
8.121679644164776e-05
7.947198685346708e-05
7.752367438347092e-05
7.541748414564344e-05
7.313201856423869e-05
7.067373672643357e-05
6.805279404768778e-05
6.528275562286737e-05
6.237448716326258e-05
5.933139881603379e-05
5.617333913320284e-05
5.2934009888975196e-05
4.9607754198650894e-05
4.6187142955482565e-05
4.271264597365042e-05
3.922629064435525e-05
3.5748131524391154e-05
3.229909435740538e-05
2.885678674208454e-05
2.5460708137577497e-05
2.2159475761585844e-05
1.896382712383172e-05
1.591586210038416e-05
1.3050693453775404e-05
1.0396676260007723e-05
7.972017684430857e-06
5.808783849113841e-06
3.951650769552184e-06
2.4297888496427465e-06
1.291145509756932e-06
5.781826579104102e-07
3.3502561768410154e-07
