0.0
5.15044538668868e-10
9.49680272405534e-09
3.860268415199433e-08
9.676767456175333e-08
1.9038477558293403e-07
3.2402931795931186e-07
4.984626928216377e-07
7.132642448568413e-07
9.674356004993272e-07
1.257304642306144e-06
1.5774775379864767e-06
1.923158337151459e-06
2.2866119799672415e-06
2.661627350644198e-06
3.0405661972538882e-06
3.4148332081850514e-06
3.776538155090082e-06
4.115412437735393e-06
4.425721168643401e-06
4.6962745652068855e-06
4.920806405792754e-06
5.0923943304558334e-06
5.203714372638832e-06
5.252239199558523e-06
5.232368492957224e-06
5.144456742871702e-06
4.988195138278171e-06
4.764355376876214e-06
4.474398709015367e-06
4.12551256777212e-06
3.7256437216833545e-06
3.281798424223587e-06
2.807126664084509e-06
2.3166345075068814e-06
1.8316415194831814e-06
1.3693899839986588e-06
9.536245353713323e-07
6.196937009149734e-07
3.9864375440952713e-07
3.327715962982184e-07
