0.0
5.71810087482566e-10
1.04749284356131e-08
4.344087993315016e-08
1.1159669236557197e-07
2.2508124497996962e-07
3.932404685357211e-07
6.226292674231337e-07
9.189679925424726e-07
1.2880932858623347e-06
1.7327731045990586e-06
2.2539596227271784e-06
2.851545293635413e-06
3.5244827624239496e-06
4.27159048501538e-06
5.09061379920438e-06
5.980522348846527e-06
6.937269057519152e-06
7.953920764879062e-06
9.025041617896559e-06
1.0140449103412292e-05
1.1296951797145219e-05
1.2489861964924269e-05
1.3703907211554066e-05
1.4932220889960381e-05
1.616886322372825e-05
1.741069449473671e-05
1.8634134109708972e-05
1.9836721372832374e-05
2.1000960234122558e-05
2.2126196865495247e-05
2.3205225199549457e-05
2.4230864756419203e-05
2.5196338393830485e-05
2.6100994377350854e-05
2.6918948289727794e-05
2.7645939217249683e-05
2.8282036625362185e-05
2.881738778398905e-05
2.924100198246716e-05
2.955314061698499e-05
2.9745889882853465e-05
2.981231548755489e-05
2.9750666150764014e-05
2.9559728259964472e-05
2.923958973254834e-05
2.8793492983808524e-05
2.8213210218323925e-05
2.751464351790176e-05
2.6686513286231483e-05
2.5732939061549855e-05
2.4671661644575647e-05
2.3509588704691168e-05
2.2247054384090807e-05
2.08869137532974e-05
1.9430992446392756e-05
1.7901800879150026e-05
1.6317279388989354e-05
1.468307950717612e-05
1.3027603221741776e-05
1.1372710723335435e-05
9.734464216204319e-06
8.140222398176283e-06
6.609890411586305e-06
5.168999228410173e-06
3.844695847904131e-06
2.674076515902601e-06
1.6977271679320029e-06
9.566294296336935e-07
4.875295330609287e-07
3.320934991415566e-07
