0.0
1.1799273208394205e-09
1.8131709641886785e-08
7.545394888083833e-08
1.9725599303515166e-07
4.080858513102105e-07
7.326065642922894e-07
1.1945135092715301e-06
1.8180069519131103e-06
2.6277776713343854e-06
3.648295323363718e-06
4.90457872588108e-06
6.420751395587675e-06
8.220839388940622e-06
1.0329422634195165e-05
1.2770816166830229e-05
1.5569787370028534e-05
1.875079141894215e-05
2.2339035189297406e-05
2.6356416964000365e-05
3.0831468670218726e-05
3.579286918695959e-05
4.1266910430557415e-05
4.727790834267706e-05
5.384841840235891e-05
6.1003452814120034e-05
6.876710234757586e-05
7.71650197538932e-05
8.622181725702406e-05
9.596098804018107e-05
0.00010640738633606156
0.00011758928086281391
0.00012952719998863735
0.00014224676761467192
0.00015578338436530878
0.00017016203445794484
0.0001854014731549286
0.00020153187725632815
0.00021858423575271094
0.0002365859316216181
0.0002555640541343601
0.00027554299452657084
0.0002965432267142577
0.0003185923889982085
0.0003417114695531864
0.0003659296065362367
0.00039127158829076414
0.00041775383306200635
0.0004454026165881941
0.0004742445070491551
0.000504305245177326
0.0005356055196941268
0.0005681710840604398
0.0006020300776315629
0.0006372004429650714
0.0006737027689002243
0.000711586016766056
0.0007508701136202242
0.0007915718768259069
0.0008337187436292258
0.0008773373715263154
0.0009224561661932529
0.0009691056909680041
0.0010173030450385326
0.0010670739948436586
0.001118433612519637
0.0011714300388683445
0.0012260836691271888
0.0012824215147600154
0.0013404588668562724
0.0014002049439442918
0.0014616910444446064
0.0015249583326693063
0.0015900244181067463
0.001656897285969323
0.0017256045897597642
0.001796166345583467
0.001868610959303352
0.0019429624060943985
0.0020192303826117226
0.0020974555022127903
0.0021776512888547084
0.002259853859479971
0.0023441078528103772
0.0024304028612208853
0.002518778876558718
0.0026092586306088947
0.0027018721279865572
0.0027966307027018585
0.002893562213747851
0.0029926742728517046
0.003094007550647438
0.0031975636252332277
0.003303409054011026
0.003411577644172835
0.003522084253357042
0.0036349466747205407
0.003750181075424801
0.003867792371598553
0.003987848269917585
0.004110370296757672
