0.0
5.479425734305228e-10
9.956326501931961e-09
4.102626163312923e-08
1.0421522712244114e-07
2.0762980628816447e-07
3.570426833319117e-07
5.565408323980553e-07
8.087497130917758e-07
1.1141060848021899e-06
1.472312187449105e-06
1.8807252828991882e-06
2.3366054612034044e-06
2.8358811136414494e-06
3.370115571285582e-06
3.93366939831343e-06
4.520648172882974e-06
5.122488212806872e-06
5.73240504343946e-06
6.34196629755298e-06
6.942750768552717e-06
7.525041340911361e-06
8.07438465097128e-06
8.587706436745962e-06
9.054878723694495e-06
9.471173170240122e-06
9.826084387087616e-06
1.0116743314163819e-05
1.0334151885706511e-05
1.0472162400151531e-05
1.0529326254688298e-05
1.0496137187947638e-05
1.0374902126498733e-05
1.0162022552524202e-05
9.865456310912437e-06
9.486500557690775e-06
9.01439324159817e-06
8.464583865278122e-06
7.844448283806467e-06
7.163170505935563e-06
6.430263363547273e-06
5.654136383398462e-06
4.851240782254885e-06
4.043251374699466e-06
3.247453644039728e-06
2.4913467103740756e-06
1.8005138520637602e-06
1.2028688573390556e-06
7.346182681163466e-07
4.3203587627106136e-07
3.3475024232266347e-07
