0.0
5.023110825860239e-10
9.059481718175365e-09
3.603799292939312e-08
8.824269426037321e-08
1.6922328489384767e-07
2.802758862253016e-07
4.1987566813478643e-07
5.847801041082523e-07
7.703742328217345e-07
9.704453301756773e-07
1.1776226349200405e-06
1.3838873798005146e-06
1.5818364908949255e-06
1.7634057913025753e-06
1.9201645515534235e-06
2.044202967772719e-06
2.130204065805833e-06
2.173084008239994e-06
2.1691341717596044e-06
2.114497202846867e-06
2.009678621153063e-06
1.858723846159305e-06
1.6666560919793714e-06
1.44135807455392e-06
1.1928943690435267e-06
9.401603376982842e-07
7.010255314483269e-07
4.996552938464671e-07
3.646067250964054e-07
3.3381409083863727e-07
