0.0
5.819129428339314e-10
1.063258612704804e-08
4.438747167668751e-08
1.1476450143790755e-07
2.332381864032375e-07
4.103703152575086e-07
6.534977077791112e-07
9.699621812498412e-07
1.3651117200848884e-06
1.8425279230809049e-06
2.4052476092426496e-06
3.056388272140058e-06
3.796330484701154e-06
4.6232668369068104e-06
5.5404232211618585e-06
6.5456878738651216e-06
7.631566074614369e-06
8.797876876329754e-06
1.0041563969444583e-05
1.1352538427744417e-05
1.2732181735382164e-05
1.4164396695280168e-05
1.565231234230205e-05
1.7183594825433834e-05
1.8756748663626883e-05
2.0368409178858194e-05
2.2000691621639326e-05
2.363463531213951e-05
2.527159383788092e-05
2.690329317417887e-05
2.8516949129143568e-05
3.010479543425549e-05
3.166207650608298e-05
3.3183595936261293e-05
3.4643360166072436e-05
3.6041772690368994e-05
3.73727814630361e-05
3.8637780503694115e-05
3.9818742138059215e-05
4.0896396009588575e-05
4.1871308220240386e-05
4.273465154504045e-05
4.348522063440763e-05
4.411352313974908e-05
4.461952211940696e-05
4.4995939247006504e-05
4.522797990433531e-05
4.53059042165221e-05
4.524269978521749e-05
4.502915180864978e-05
4.4667586864819684e-05
4.4141657456211776e-05
4.3457869372526965e-05
4.2616355524070124e-05
4.160642074578731e-05
4.046392583152716e-05
3.9175554814745636e-05
3.775978415610578e-05
3.6217445033651595e-05
3.4555834147783876e-05
3.277080120261712e-05
3.088720459078086e-05
2.8921147215702285e-05
2.6876873619320746e-05
2.4773869399736202e-05
2.2611279101414944e-05
2.0431210993531343e-05
1.82500868391151e-05
1.6077840732412584e-05
1.3934806919758123e-05
1.1847485396629742e-05
9.83499218353391e-06
7.915371972122295e-06
6.1270747155803125e-06
4.519461198613913e-06
3.1120741062017257e-06
1.9503485499451617e-06
1.0727328610244318e-06
5.201438488538545e-07
3.345235546555313e-07
