0.0
5.850568473196418e-10
1.040220560515784e-08
4.275387574767178e-08
1.0897106548960262e-07
2.182165294018608e-07
3.7739067362611757e-07
5.918349837530703e-07
8.653821858854967e-07
1.2018726284147443e-06
1.602808270341697e-06
2.06872381708369e-06
2.5990827572841544e-06
3.1904346494470227e-06
3.838559982550976e-06
4.5377333636596885e-06
5.2842359422589925e-06
6.0745906792812505e-06
6.901525291546986e-06
7.759127561090925e-06
8.635440913085239e-06
9.526163974711366e-06
1.0419858783931395e-05
1.1312771283597956e-05
1.2189290538275865e-05
1.304041277731879e-05
1.3867588511267604e-05
1.4653194313575903e-05
1.538992368546598e-05
1.6066392667750425e-05
1.667407041572856e-05
1.720736088919798e-05
1.7660997413995533e-05
1.8025265379881567e-05
1.829984766687537e-05
1.8465236022205852e-05
1.8532573968670008e-05
1.8491430847169695e-05
1.834188514806721e-05
1.8085288009005656e-05
1.771492721027088e-05
1.722912492566496e-05
1.6641633189333335e-05
1.5953515736804274e-05
1.5162348458074139e-05
1.4283706780057505e-05
1.3324053331668344e-05
1.2291080636466257e-05
1.1202890583855777e-05
1.0058599708174633e-05
8.875068936337037e-06
7.671242234211412e-06
6.470734215514215e-06
5.298117721410309e-06
4.1826057918803755e-06
3.153604706136927e-06
2.230815696096252e-06
1.449310518047471e-06
8.469623900102587e-07
4.6203320383150444e-07
3.3338025708686817e-07
