0.0
6.374925739560491e-10
1.1058150174386773e-08
4.577119285062895e-08
1.1834922691765466e-07
2.4014409632237467e-07
4.219262039322e-07
6.731858553283201e-07
1.0023980276380429e-06
1.4159566037096208e-06
1.91872943857377e-06
2.5153639878677188e-06
3.2093888409035227e-06
4.002350566258313e-06
4.8940100622593254e-06
5.887484273423799e-06
6.980895189724231e-06
8.171630601250034e-06
9.461064490135164e-06
1.084736475721099e-05
1.2320700786556691e-05
1.3881739920448989e-05
1.552139992732619e-05
1.7241018637329933e-05
1.9033440571876702e-05
2.089379952138503e-05
2.2817289786961573e-05
2.4778254108127822e-05
2.6777483089364865e-05
2.882180504190109e-05
3.0887686944641576e-05
3.296808465710897e-05
3.506785108749223e-05
3.71693086448849e-05
3.926744054202529e-05
4.132977216685274e-05
4.3356158042836904e-05
4.533198006989662e-05
4.7270671888286354e-05
4.915396098879696e-05
5.097126586373367e-05
5.271844792965916e-05
5.438363636534512e-05
5.5963947154453276e-05
5.743633330942904e-05
5.8790975522078276e-05
6.000671527365451e-05
6.109331654224357e-05
6.20475882681027e-05
6.287997644965246e-05
6.356795352574863e-05
6.411777088921537e-05
6.450894972220519e-05
6.473611623648417e-05
6.479563325740874e-05
6.469634637271834e-05
6.443049298705259e-05
6.399548399338008e-05
6.340054876771687e-05
6.262670739693261e-05
6.167667015153597e-05
6.0553521401566245e-05
5.926550227377794e-05
5.782747440980588e-05
5.620426011264458e-05
5.4442516408204527e-05
5.253791351520367e-05
5.0487882046443046e-05
4.8301424433380894e-05
4.600974545893243e-05
4.360786224692995e-05
4.1092906762920106e-05
3.849179896053587e-05
3.581119668741757e-05
3.306530133481119e-05
3.026614501490844e-05
2.742889537360088e-05
2.4597181172912273e-05
2.179181456808834e-05
1.903624322338723e-05
1.6353301951385022e-05
1.3770807851956107e-05
1.1321287571462256e-05
9.045719368230241e-06
6.960537974863616e-06
5.086280078059232e-06
3.475142717154826e-06
2.1584692034693617e-06
1.1696685451217867e-06
5.446097771565922e-07
3.330840111923235e-07
