0.0
3.165816744530106e-07
5.712766038200053e-06
2.3139030947968475e-05
5.795379512217588e-05
0.00011403436672790915
0.00019377040257468134
0.00029845921673655687
0.0004280296692171842
0.0005818047063316242
0.0007575042216207794
0.0009521602191733966
0.0011621786220828486
0.0013834169921769228
0.0016111313082079006
0.0018417813867854219
0.0020707336707686363
0.002292009245071808
0.00250035386734216
0.0026919912277996983
0.0028613815927241324
0.0030051923338141667
0.0031186207867853737
0.0031990331355576927
0.0032436000510132645
0.003249711701598713
0.003215796601500835
0.0031424002273227327
0.0030303805029113138
0.0028822753991142942
0.002699545174025578
0.0024879518829636917
0.00225271021100513
0.0020016289604828006
0.001743315631140894
0.0014889367375571529
0.0012533982983055413
0.0010512465434751898
0.0009002808292395277
0.0008192744912029573
0.0008300477122483565
