0.0
3.2684361509427087e-07
5.970034078826398e-06
2.4428683193138097e-05
6.179421576817289e-05
0.00012306062500693865
0.00021167722704659836
0.0003302157188119349
0.00048001877293129007
0.0006616564329518057
0.0008745814634611179
0.0011171086892040733
0.0013871827363556542
0.0016817608243066093
0.0019978116961155883
0.0023316934607800757
0.002680036623641085
0.0030384530796716664
0.003401768439690583
0.003765701452240808
0.004125448425437944
0.004475327942038587
0.004809051576271224
0.005121362910143094
0.005408606991983641
0.005665258374925844
0.005886271468012684
0.006069316549877241
0.006211203369749061
0.006307450568292828
0.006352853769286965
0.00634677801248384
0.006289143927993515
0.0061817272665282514
0.006023737644933853
0.005813250541161752
0.0055539813468156955
0.00524843768926747
0.004899896986748945
0.004514666747533877
0.004099918734857618
0.003662937105839416
0.0032146482895273475
0.002764851018950906
0.0023262528331612596
0.0019116268451154627
0.001537910081100247
0.0012234445029832273
0.0009867538699793595
0.0008481924875177394
0.0008311284977363379
