0.0
3.5749704833787075e-07
6.3301730712812e-06
2.6138319371153563e-05
6.697520145755202e-05
0.00013490147671879228
0.00023498763606826057
0.0003717532836303996
0.0005490232267994243
0.0007698217113958446
0.0010347486121781014
0.0013451516100560818
0.001700559336013357
0.0021008462720288096
0.0025455999362050718
0.0030332451010280934
0.00356170180091043
0.004126857736093086
0.004727123847001874
0.005358587272878331
0.006018187110996778
0.0067017197106471514
0.007404059353677793
0.0081223801670253
0.008849303080409453
0.009578243254804717
0.010306612476197874
0.011029328061455861
0.011743515481091787
0.012438630949335377
0.013115925042038202
0.013769978646449877
0.01439289653980657
0.014978419332531027
0.015520565031657737
0.016017276679189507
0.01646485130758647
0.016854005072782296
0.01718110642493945
0.017444206942583373
0.017637904305443274
0.01776239625613704
0.01781301042868759
0.017787448272847436
0.017682864670820263
0.017496140585573708
0.017232428682976933
0.016896492032816752
0.016484264411597182
0.01599526564346363
0.015437235043553637
0.014815878492913092
0.014131020168105399
0.013385651709321126
0.012584445013986988
0.011735956821282088
0.010848793216008012
0.009930037884152011
0.008983079301440614
0.008025892239517067
0.007064208578896639
0.006112544230723032
0.0051891670337733285
0.004308582116333712
0.003481705082259496
0.002733929734908894
0.002082081319320653
0.0015447162155184395
0.001140843589363566
0.0008956222632778872
0.0008322275192501024
