0.0
2.9414178725003315e-07
5.359952856912348e-06
2.142289603508937e-05
5.270603881698814e-05
0.00010157096818362043
0.00016879075910488224
0.0002538599150470187
0.00035488879774202433
0.00046934733346364873
0.00059363606096527
0.000723289459910142
0.0008541247078755778
0.0009810862037807812
0.0010996911832887406
0.00120552807995312
0.0012947513325753423
0.0013628658593885542
0.001407656520149815
0.0014267536636507995
0.0014195296191196291
0.0013867236832282132
0.0013297438748050973
0.0012519192011703098
0.0011575573738317859
0.0010546012369913908
0.0009526584446957517
0.0008635284442971626
0.0008005875163417475
0.0007812709320543776
0.0008268985286412772
