0.0
3.469543889074476e-07
6.178964948899967e-06
2.548154981723736e-05
6.496139183206878e-05
0.00013021818275374907
0.00022579072297040876
0.0003553390512033467
0.000521182036948322
0.0007253439407367162
0.0009682427717314216
0.001250874609574131
0.0015711413555609998
0.00192720662488544
0.0023170309742122906
0.0027383438579651003
0.0031892981846374895
0.0036644457621330573
0.004160658934620366
0.004675266927454193
0.005201598211560189
0.0057355669083813485
0.00627207027338514
0.006806289520648024
0.007332306515675377
0.007843852249815781
0.008335569461785573
0.008801337888907058
0.009238285008533485
0.009640249661555758
0.010004521646503436
0.010324459942683831
0.010597684479951892
0.010817640864202957
0.010984072207190663
0.011092441419240918
0.011141067088060872
0.011124892337962206
0.011043963466626693
0.010897998487316221
0.010685983039677601
0.010413752529423696
0.010077370669129563
0.009678581513191729
0.009225717425289902
0.008716656087877752
0.008162400272127083
0.007565362488558996
0.006931377044166989
0.006266133286565134
0.005583138004311825
0.004893932939884884
0.0042080150121493924
0.003542897134145977
0.0029125577670719187
0.0023319525226915302
0.0018176803172367635
0.0013896611111335823
0.0010671361032034024
0.0008732729070284805
0.0008308703525244414
