0.0
1.4763444833886922e-05
0.00022913527269428024
0.0009258033623724785
0.0023554285372005632
0.0047293007701673115
0.008225688189742064
0.012899408262271332
0.0188819466515671
0.02626304646661772
0.03508325992746702
0.04525275751884714
0.05679958278793398
0.06963464415701434
0.08380769039085194
0.09930794390496607
0.1159433058574151
0.1335264641568848
0.1522260007942486
0.17176849250614104
0.19201636104947223
0.21282173572840343
0.23403726464547978
0.25553629481801476
0.2768842526202427
0.2978858944365318
0.3182337056155305
0.3379326111426636
0.3565546785447815
0.3747669789565266
0.39216521507590885
0.40830235217446204
0.42345464685142464
0.43718318661889477
0.44903002384548546
0.4590291791102884
0.4672341632489859
0.47297621442242643
0.47734802094645745
0.47943716407982345
0.47885617042991857
0.47627952530908524
0.4716444964802226
0.4649443013907147
0.45632590347722446
0.4458759408921515
0.43354351681340747
0.419239081547007
0.40342405686342947
0.3856289537931936
0.3664678428079304
0.3458592801743159
0.32413318568442684
0.30130286389499217
0.277809647240578
0.25401102491567296
0.2298414406357039
0.20541960549909188
0.18136229083024777
0.15777265833439424
0.13511652068408606
0.1133724027447717
0.09270663630743198
0.07335449244115148
0.05564197251770363
0.0399776456793122
0.026549322856013656
0.015634269063271394
0.007559844605582424
0.002557299733744079
0.0008475248756814055
