0.0
1.2836204946393066e-05
0.00020307172021302982
0.0007892560434901046
0.0019104793145700804
0.003632493463444804
0.005981914753547962
0.008898136566918152
0.012312573440796141
0.01608082694459806
0.02006775852733204
0.024105590714471006
0.028041206929677816
0.031710458504595355
0.03493340498225085
0.03758089864242624
0.03949242484797909
0.04055479090104968
0.040724277859726425
0.039926566699288596
0.03817720086828418
0.03545814408616466
0.03190590969826661
0.027679486185489748
0.022954813675073234
0.017928293649341884
0.012927783505185794
0.008301923516526328
0.004442582402667453
0.0017897093070875895
0.000833958390551596
