0.0
1.4788878898299257e-05
0.00022805590981104105
0.0009319503359502838
0.0023869608289139223
0.004780568600892411
0.008257624005786357
0.013005389283072323
0.019144297479991045
0.02679657537429553
0.03603476414636869
0.04696626070413794
0.059587919578312804
0.07391476704854592
0.08981506470655229
0.10729071399534355
0.12620057538854504
0.1465476645500866
0.16825292538395764
0.19112203238144523
0.2151785155625777
0.24031060599164633
0.2660558550078328
0.2925585115049046
0.3195010426866465
0.346770747794918
0.3746117133569263
0.4027453404100766
0.4305996118313408
0.4581121200994319
0.484750071514199
0.5108152360500079
0.5358465523959872
0.5589608951259323
0.580774285764332
0.6014736845807391
0.6210509959464479
0.6388116303556541
0.6551683683272272
0.6696775440242458
0.6824456892071685
0.6932636934392182
0.7012778223405269
0.7072240607967339
0.7104106307793653
0.7108465489631294
0.7087418610799849
0.7040172332006629
0.6969623173512706
0.6873682223923697
0.6751136696153309
0.6601450663693678
0.6435115828122052
0.6249231739420591
0.6043826598319234
0.5821466828294563
0.558194243244511
0.5328904176096272
0.5061135584760665
0.4785379040031693
0.4500556882282239
0.42059186468790466
0.390478858141869
0.3601139071513567
0.32992827049209966
0.29958525951116016
0.26928423041415733
0.2393423409682764
0.2099904433643347
0.18162139751490147
0.1543537942473966
0.12845290977857945
0.10410066957204578
0.0817260461020043
0.06165519172527445
0.04391021872608325
0.028891825941525142
0.01695215831040888
0.008161347043967137
0.0027191193588023133
0.0008359079853679941
