0.0
1.396494846602424e-05
0.00022350910050105755
0.0009005182182297235
0.0022738854332653075
0.00453920606091937
0.007840705019690485
0.012221170484031823
0.017728596105116425
0.024462492978955894
0.03236640001525433
0.04141525536811715
0.05156523490830552
0.06282383278022771
0.07504805534994372
0.08814989972199193
0.10200966221648378
0.1164339108898735
0.13134112181407195
0.14658771274202512
0.1618918740835713
0.17698825515690597
0.1920087379093171
0.2066001376094978
0.22063275853946937
0.23381076715135804
0.24629409019434959
0.2578572835954342
0.2682445117786
0.27728947155146283
0.28491187579619565
0.29105796740772955
0.2957315286742747
0.2988387429796272
0.30028225920512913
0.30004434058820056
0.29768002948509825
0.2935299254156088
0.28757526559411045
0.27983438541714156
0.2705020782744782
0.25955743674085574
0.24695811017987224
0.23337220251345142
0.21873511876788707
0.20293555761719695
0.1862201643654519
0.16882397772832003
0.15109888703668875
0.1330130309994737
0.11482875839130398
0.09707378801167608
0.079978594810797
0.06375012760851588
0.04875790566011478
0.035285115116291586
0.023623185502954915
0.014084893189141011
0.0069157742005012575
0.0023938301980912006
0.0008391822703252867
