0.0
1.3495077420073001e-05
0.00021118760113379695
0.0008304559255254086
0.0020537114320598976
0.00399528936225514
0.006732152175294027
0.010290860262748782
0.014677838436294005
0.019790328601997684
0.02558742710431184
0.03192139503585205
0.03869711153412687
0.04574458911152177
0.05295136471184775
0.060110325309966336
0.0670277035558095
0.07356189440025301
0.0794920200160577
0.08468551595456204
0.08899042079692533
0.09230589324861807
0.09457729149757288
0.09558136154430454
0.09526393534478844
0.09357077169072316
0.0906193431775663
0.08646321991593973
0.08099662510049613
0.07451227893488958
0.06720884395135447
0.05923371242162439
0.050814879270160325
0.04206115549247848
0.033388310064196895
0.025072562715569378
0.01742064753151186
0.010794566657457327
0.00553065763336649
0.0020638546442864492
0.0008325364153766513
