0.0
1.4615285003758347e-05
0.00022242718253985143
0.0008792945135867456
0.0021998083155646267
0.0043280455814383705
0.007370644080299249
0.011350382618183412
0.01630944373883383
0.02225417679709432
0.029153295725448364
0.03692448209441415
0.045480792885450344
0.05470406375725002
0.0645432991594703
0.07484119308092581
0.08537020890318488
0.09603643148727163
0.10661861661521053
0.1172083424840371
0.127554420658278
0.13745439830234024
0.1465808245335816
0.15492488114931274
0.1622687693493658
0.16839433488334868
0.17337783001718898
0.17695402180303194
0.17904735719948578
0.17961834831883108
0.17871059644971407
0.1763080023047243
0.17236222540492882
0.16676835609301943
0.1598492741691236
0.15143188535332164
0.14157577100680754
0.13060218450514213
0.11863743500320467
0.10607446985706469
0.09312716057222813
0.08001358051051993
0.066995220018034
0.05429372183063552
0.04221042477560692
0.031051097398835124
0.02116311342333152
0.012785411445585005
0.006384618137300342
0.0022746746942574393
0.000828459415637868
