0.0
0.00022244269762098723
0.002218176431166058
0.0073388235686101385
0.017474933172070203
0.03487188903756482
0.06149188775540749
0.09389012629262086
0.13671976079888884
0.1898962800030895
0.253494854159665
0.32447049806012124
0.4069676811520499
0.4984629282169132
0.6011501000722553
0.7180371715591524
0.8501188052670691
0.9901097435600831
1.136475196834315
1.2886737652625508
1.4476922864320751
1.607081738791567
1.7672918452904083
1.9304418403462715
2.109753418431183
2.2908843185551135
2.452725293091001
2.6227929084349655
2.768986130804896
2.888348163326897
2.9811116868691725
3.073315527775467
3.152187456743606
3.211386027897926
3.2508028893431793
3.272331999875196
3.2780323521312322
3.2700805652884464
3.215213501886848
3.1471431158758167
3.0703952647728205
2.9865402059279145
2.894664660091877
2.7674420224440253
2.5908795043298665
2.4204152103547103
2.23215513903331
2.0037440871639576
1.762164612296196
1.5130453189556947
1.2754543097218627
1.0401151194555127
0.8229749542789163
0.6189073992937671
0.4434815669806842
0.2923970878974782
0.1784778907780059
0.08706427780798752
0.031398937258192476
0.0057898043352382095
0.0008038417854161004
