0.0
0.00031308803532450184
0.003243837499414082
0.009986833459238923
0.021684622420639486
0.040423445733061635
0.06724569759788837
0.10060009895429177
0.14057617820055637
0.18901383037007224
0.24834564413905938
0.31757988899808376
0.39557973264545643
0.4803611104052566
0.5762566948921921
0.6830183245195898
0.7928618606980262
0.8958848447103309
0.9991254668757787
1.1136581842870348
1.2600616819238768
1.4145267646246276
1.570215286506336
1.73524251418085
1.89758987733801
2.0617795542049664
2.2424255843286742
2.4403245218217595
2.657310574224863
2.8889391612869275
3.1510573930602415
3.4161511518070147
3.6155705413538604
3.8227697671396057
4.000518910630482
4.182102551054233
4.375005610458835
4.549838002953085
4.684570091494895
4.829183738835
5.001656375506326
5.1745844625640816
5.1970031273271715
5.200373407478835
5.204774503385779
5.157134384065367
5.09193150237084
5.108174292389043
5.109376371235965
5.032591695420409
4.842329955213534
4.630804272954097
4.389494963892698
4.121939745734425
3.7820891883365233
3.446651970686464
3.064196721072197
2.6770277490634777
2.3453065445946493
2.0196836321901612
1.7046007641034064
1.3900097938593772
1.1240359031527642
0.9011583544827786
0.6716844954284501
0.46866140170416437
0.3009172637955848
0.13760373031134135
0.04452524743909663
0.008820530457639078
0.0008551011160324325
