0.0
0.00018323081515923706
0.0017188390201977606
0.006242567054393416
0.015113431370555508
0.028736739755162274
0.047544113789250025
0.07175983478588996
0.10309156136614481
0.14091218308820608
0.18184818090112467
0.22487609432902553
0.2681902721099096
0.31026192781001977
0.35625947378588496
0.3985789370272099
0.43759936349640866
0.47838061518022645
0.5147801348272086
0.546558811707352
0.5727959988096634
0.5902617074453108
0.6030790939805315
0.611706676256785
0.6115743293893483
0.5990810762122583
0.5773299003781978
0.5432426605935148
0.5004898704614712
0.4557520534803928
0.40499830941822507
0.3470799073119164
0.2874973230808444
0.22791509528322326
0.16831128488444588
0.11388966937879501
0.07089334014424255
0.03781157427203618
0.016032646401561178
0.004158496608176821
0.0007288459754986276
