0.0
0.00017305421733232994
0.0019963806254659636
0.0074923810687158605
0.01817791930849471
0.03450621927146047
0.05755281970202221
0.0887784847142636
0.12854205561875123
0.1785734618050882
0.23762827431739522
0.3044513702663827
0.3806192200171157
0.46150453693869287
0.5468660979741342
0.6336239134849069
0.7212408435099106
0.8145531860260019
0.9079850228852298
1.000203297013904
1.091617014113813
1.179048597082406
1.2670639901058434
1.3414532117546643
1.4019177345949605
1.4537938245732553
1.4946947119632714
1.5203940998090102
1.5402668903915755
1.5431905806414339
1.5375907758447054
1.5137317944603477
1.482468219243214
1.431153684610789
1.3484946247992389
1.2532207213671798
1.1430590673556562
1.0131465593887783
0.8908433296570669
0.7717930928026637
0.6509504349761972
0.5442966826901078
0.44286707867296915
0.3443171567790597
0.25005850358111964
0.16564488147817466
0.0970752508859952
0.049647174625232535
0.019521402368788687
0.005146692608294511
0.0007544976431603544
