0.0
0.00022687775029440197
0.002249087023337082
0.008199919995426722
0.020255377206050987
0.04064384972352722
0.07165807666622409
0.11556774905241256
0.17471645632387467
0.2515422544736316
0.3485142673345472
0.4682237097186024
0.6129785291052346
0.7855525834228831
0.9886155768672497
1.224882648709455
1.4972232508965593
1.8085392344251128
2.161864170381956
2.560193393931062
3.006490409554516
3.503687878242858
4.055112991105994
4.664043933936371
5.334234621921554
6.068963920671608
6.8714117556627805
7.746083278416878
8.696552178317477
9.726828692604204
10.841109947997689
12.042832182203297
13.336247319699956
14.725674261090411
16.21593898087218
17.81156363909856
19.518078309855944
21.340565474772678
23.284850667975498
25.35686401987855
27.562246175704882
29.904054984481707
32.38869468370633
35.023178058189174
37.81536943948433
40.7721334355072
43.900266023452176
47.20737935272036
50.7025820047935
54.39270282633844
58.28657556250154
62.392301088900055
66.72199530231418
71.2856431958736
76.0936083320443
81.15655918979165
86.48560187201134
92.09173378586092
97.99253081618289
104.19871864993134
110.72540255676304
117.59383830313638
124.81728027268124
132.41666988419004
140.4123633087208
148.82758198786982
157.67731763416018
166.9905359163066
176.78883635039935
187.10000511960152
197.96220214145973
209.42533399357768
221.5328986515132
234.31900204399312
247.85868193833468
262.21346234632927
277.43830117254663
293.6020873402092
310.80555310231324
329.15874197353725
348.79684947796954
