0.0
0.0001751951727795505
0.001718545715993394
0.005986351926171128
0.013285362777489148
0.023729328284573206
0.03811447841005452
0.05589478093133281
0.07621596689810145
0.09741323391848923
0.11988908858196685
0.1429094732929753
0.1657153620543589
0.18663284332539912
0.2031662381524191
0.21525285724181656
0.22246983388956032
0.22364994704220276
0.21931771940574352
0.2100000095140666
0.1947418004340703
0.17469106288213848
0.1511886152311819
0.12664391643686843
0.09996634795400466
0.07243785789846785
0.04691006414978608
0.026681014645741373
0.01253841909988504
0.00381988636869906
0.000824588659691458
