0.0
0.00040554796791800597
0.0025316867831394665
0.01006013248877681
0.028934989250828845
0.055693983016501324
0.09134465319052561
0.14336078824481321
0.21120822265487163
0.2966602747191678
0.4067240727542428
0.509369660415
0.6362939590334382
0.7588794748509679
0.8959191983831309
1.044872764621409
1.2354749924452493
1.4577798908988744
1.6745817572060209
1.8811379200744283
2.0730341570786535
2.2622305564765623
2.480253740909243
2.7135325170801803
3.0402797098792425
3.406438754732248
3.760378683890541
4.0957523506447595
4.440452388731935
4.816814813219243
5.1397518042963455
5.544439824553594
5.985253637255096
6.552620014883125
7.27177123468
8.07516941718149
8.82412148333053
9.681130017518461
10.514330605319712
11.405008058006008
12.135879973890624
12.952576838268028
13.821067112554134
14.805493890448366
15.71992755586666
16.55772424575726
17.252011687939472
17.937536490125915
18.565764907571587
19.087257722974467
19.3924834841476
19.57303254633518
19.744904069325695
19.76828865560747
19.725770024196382
19.44232265555803
19.134901561795985
18.501574110909303
17.800525518269165
16.977712031428965
15.962630944553949
14.831497674230961
13.684947502589376
12.658465243907008
11.556075843701189
10.639214350154448
9.75339044627977
8.742434388628755
7.854733923360998
7.0959052921603725
6.359843882808101
5.384493582401815
4.332529189076875
3.3106597607563097
2.4908986219716946
1.7304695300307573
1.044442255429395
0.5289837687724279
0.18618911776682728
0.03880215104350078
0.0002524675853269063
