0.0
1.3212848212571929e-11
2.4842966657011236e-10
1.0393174904820507e-09
2.6865061353039334e-09
5.466100177103598e-09
9.61840343937889e-09
1.5360539864618406e-08
2.2880628708167466e-08
3.231563955579735e-08
4.380330763523051e-08
5.7445952756418244e-08
7.331630421864236e-08
9.145460834221009e-08
1.1194155886598247e-07
1.347967806474948e-07
1.5990844939806768e-07
1.872757813133861e-07
2.1691343678887876e-07
2.4873323309553156e-07
2.826366281433005e-07
3.185754088101335e-07
3.5631711381551386e-07
3.95834490337963e-07
4.369222054735082e-07
4.794954927481841e-07
5.233257861718126e-07
5.683629282578832e-07
6.143777398918743e-07
6.611935193281604e-07
7.085332350314701e-07
7.561980890301456e-07
8.041581101231874e-07
8.521951326883926e-07
8.999591099876751e-07
9.473181966040956e-07
9.940193784469068e-07
1.0398799705934914e-06
1.0848496045895757e-06
1.1286144891219302e-06
1.170846423936181e-06
1.2115915042673118e-06
1.2505472067410552e-06
1.2874491702310897e-06
1.3217920092662927e-06
1.3538843622631415e-06
1.3833565616332156e-06
1.4099133929638497e-06
1.4334213447781074e-06
1.453819528165679e-06
1.4710264437515976e-06
1.4846244737056277e-06
1.494756266715221e-06
1.5012465074545303e-06
1.5042427992317572e-06
1.5035021649221697e-06
1.4988582760517273e-06
1.490183582289932e-06
1.4775044771088131e-06
1.4611801632205615e-06
1.4409405788146499e-06
1.4168153589585086e-06
1.389118653698759e-06
1.357797082068764e-06
1.3227472330018793e-06
1.2840821668942703e-06
1.2419198625517784e-06
1.1965982747135185e-06
1.1481488387117734e-06
1.096944624370837e-06
1.0428589111469961e-06
9.86482221759566e-07
9.281149935977282e-07
8.683529117678681e-07
8.07153825190737e-07
7.452910016644163e-07
6.827545037243011e-07
6.200425662737809e-07
5.578224097801495e-07
4.96587779592016e-07
4.370486824588976e-07
3.793157114085284e-07
3.2448340770962946e-07
2.7325144770509373e-07
2.2618444038638474e-07
1.8433731994556293e-07
1.484023759624229e-07
1.1930763996608672e-07
9.808103110250034e-08
8.570289915382669e-08
8.323896298054302e-08
