0.0
1.0691568950900984e-11
2.117283485915999e-10
8.714624097913816e-10
2.200666213111629e-09
4.34411606059666e-09
7.396635818353209e-09
1.1410967839646603e-08
1.638953939429103e-08
2.2304651051517012e-08
2.908232375146994e-08
3.662599021137783e-08
4.4840184813756274e-08
5.356539403723388e-08
6.265874093756353e-08
7.192437412153109e-08
8.119809761160844e-08
9.029016704986638e-08
9.901764623671349e-08
1.0718586678132927e-07
1.1462450569258235e-07
1.2117699001883168e-07
1.2672183616114042e-07
1.3111282195965276e-07
1.3422258189139477e-07
1.3597753722557053e-07
1.3631928196545483e-07
1.3526779383463972e-07
1.3286639348672463e-07
1.2921260108523e-07
1.2436544726152285e-07
1.1856811207133409e-07
1.1203800737587485e-07
1.0505102005638415e-07
9.793424511618867e-08
9.11622664370044e-08
8.516794663372266e-08
8.056744437717548e-08
7.807562484206898e-08
7.844262802659494e-08
8.257926280614502e-08
