0.0
1.2406120318766731e-11
2.3812960794596966e-10
1.0017965239355632e-09
2.597094395735241e-09
5.277418927844548e-09
9.267453061109215e-09
1.4766739138174766e-08
2.1950485162898846e-08
3.092214268245205e-08
4.1783644316952725e-08
5.461704967381571e-08
6.947274684497587e-08
8.638150996171571e-08
1.0535019743695144e-07
1.2635515862373197e-07
1.4934525466770555e-07
1.7423948789775108e-07
2.0100131805228925e-07
2.294949288303974e-07
2.5958074273298435e-07
2.9116444688422834e-07
3.239901755607754e-07
3.580053902584185e-07
3.930495256060413e-07
4.2895808122835915e-07
4.6550078658115314e-07
5.025570654730459e-07
5.399001676735203e-07
5.772594247933811e-07
6.14535572992085e-07
6.514675697068823e-07
6.879717035999745e-07
7.237234887654323e-07
7.583638716680709e-07
7.919483554019575e-07
8.242724719132097e-07
8.548933510178419e-07
8.838715696414417e-07
9.108480879496898e-07
9.3567878653135e-07
9.582013700839207e-07
9.785638236814846e-07
9.963488030941282e-07
1.0113342387545232e-06
1.0233625865404583e-06
1.0325604239061097e-06
1.0385152540972912e-06
1.0412614177047215e-06
1.0407767362688454e-06
1.036960628272331e-06
1.0296233104482656e-06
1.018897594115544e-06
1.0049228839367359e-06
9.877151476477186e-07
9.67430222879657e-07
9.440291319008075e-07
9.173149122692163e-07
8.873471199275731e-07
8.544373364906317e-07
8.186797179096458e-07
7.804582185330293e-07
7.398697844053591e-07
6.972698786788462e-07
6.528817814896008e-07
6.070850844294806e-07
5.601674432932075e-07
5.124675445818317e-07
4.6454332300256295e-07
4.1681652075932636e-07
3.6980308871516407e-07
3.2402830631657366e-07
2.8015618061672474e-07
2.389429810399883e-07
2.007695473526253e-07
1.662539861276836e-07
1.3660592554327994e-07
1.1248229854580942e-07
9.488273227811752e-08
8.482376631686422e-08
8.33280795251741e-08
