0.0
1.0066224376603764e-11
2.0082979434651445e-10
8.152766539721309e-10
2.0235328629580672e-09
3.9259878794668594e-09
6.560735058030087e-09
9.91797684948743e-09
1.3945380150221757e-08
1.855379691639231e-08
2.3621517430069365e-08
2.9005693745671585e-08
3.456425659492557e-08
4.0136638569751035e-08
4.5565879121051295e-08
5.068824621872851e-08
5.53608841008652e-08
5.94547910991565e-08
6.285984094953736e-08
6.552513547533035e-08
6.742567533185188e-08
6.860111492969005e-08
6.91086700568558e-08
6.9086859728863e-08
6.873438169258353e-08
6.832902563348688e-08
6.824627542208184e-08
6.890160471672304e-08
7.084187692057348e-08
7.476869629500586e-08
8.15073802879224e-08
