0.0
2.96030752682517e-11
4.6207127281351135e-10
1.899398523754475e-09
4.937605581839086e-09
1.0164189062456792e-08
1.816590656343831e-08
2.9576924685333305e-08
4.499511475481534e-08
6.508558372394048e-08
9.138065411955495e-08
1.2482736339351507e-07
1.6605046661875538e-07
2.15699398304155e-07
2.743699079428771e-07
3.4274448284586697e-07
4.2134447424271614e-07
5.107673117495066e-07
6.114974405424214e-07
7.238119924669551e-07
8.489937248780514e-07
9.876537489439433e-07
1.1403311932427078e-06
1.3076748713188471e-06
1.49035697599952e-06
1.6885607775280974e-06
1.9026596253667714e-06
2.1340806242815593e-06
2.3839752094592893e-06
2.6520591827375492e-06
2.938605660098784e-06
3.2445564855133725e-06
3.570640373991148e-06
3.917333682210967e-06
4.285552320001297e-06
4.6753057702912916e-06
5.0866740282267365e-06
5.52034793426792e-06
5.977811504968653e-06
6.4600925930812185e-06
6.968167953639054e-06
7.501612704587581e-06
8.061172833805173e-06
8.646549607258659e-06
9.259091618469558e-06
9.900102430657686e-06
1.0569429143669985e-05
1.1269163821847633e-05
1.2000312038147429e-05
1.2763112415246138e-05
1.355812510438066e-05
1.438634851294908e-05
1.5248692196817233e-05
1.6146155381391094e-05
1.707892032081402e-05
1.8046659165470504e-05
1.9050076506421677e-05
2.0090154538236e-05
2.116810530846996e-05
2.2283705603814435e-05
2.343818556193005e-05
2.4633337902754283e-05
2.5869089327778846e-05
2.7143961095932048e-05
2.8459181147351313e-05
2.9816190886835253e-05
3.121556657690643e-05
3.2657221105756875e-05
3.4142005168287394e-05
3.5670378211668055e-05
3.724385410153076e-05
3.886221238217721e-05
4.052526611549082e-05
4.223201404296693e-05
4.398712125227214e-05
4.579026848050282e-05
4.764143527672494e-05
4.954239734126715e-05
5.14933544543347e-05
5.349478453265672e-05
5.5546472888831744e-05
5.7647575587764766e-05
5.979902365734297e-05
6.200338918725666e-05
6.426092000351056e-05
6.657117070182535e-05
6.893579641093018e-05
7.135397867314028e-05
7.382563603881562e-05
7.635473195432577e-05
7.894027025537393e-05
8.158223504362303e-05
8.428004781844046e-05
8.703446316697566e-05
8.984742149062949e-05
9.271811505331674e-05
9.564713023412793e-05
9.86383457955644e-05
0.00010169042406264092
0.00010480415840233298
0.00010798047308479025
