0.0
1.2097201551160845e-11
2.3372866721189045e-10
9.80679320478223e-10
2.5328683485175456e-09
5.1223708647147195e-09
8.950686031854156e-09
1.417980450591375e-08
2.0952133198227296e-08
2.9356053772839517e-08
3.944792055176442e-08
5.128717592390534e-08
6.49038328567148e-08
8.028655323958201e-08
9.741089244286276e-08
1.1618764273001183e-07
1.365372774024039e-07
1.5837865322434168e-07
1.8159952780629264e-07
2.0604594579962904e-07
2.3162689009878594e-07
2.5813194489110757e-07
2.853609859468331e-07
3.13194650524759e-07
3.413934214700368e-07
3.6976194104958006e-07
3.981043025694862e-07
4.2622606650478224e-07
4.5394816462223826e-07
4.81011898802964e-07
5.072242207066711e-07
5.325140222992608e-07
5.566568215948367e-07
5.792972399044233e-07
6.002690135721133e-07
6.195240955284556e-07
6.369123605536546e-07
6.522429580154088e-07
6.653061464935034e-07
6.759180470984631e-07
6.839671860123226e-07
6.894332848793124e-07
6.922640445751623e-07
6.923429676522809e-07
6.895135791741391e-07
6.838359597446862e-07
6.75172095490596e-07
6.63622728291996e-07
6.492574438254997e-07
6.321731034197735e-07
6.123621692523507e-07
5.900489729491837e-07
5.65212540014753e-07
5.381370427588951e-07
5.090097184887678e-07
4.780554570111296e-07
4.455740724217759e-07
4.119248774036152e-07
3.7734086984479905e-07
3.4214958474007206e-07
3.068804887264452e-07
2.718290809385279e-07
2.378237606649922e-07
2.0545832113078852e-07
1.7525881778560672e-07
1.4784113290941603e-07
1.2409192526502437e-07
1.0481118414173822e-07
9.087599605210736e-08
8.325767527464882e-08
8.301906655328285e-08
