0.0
1.143806844189398e-11
2.2225712007027725e-10
9.21471128190463e-10
2.346953380668941e-09
4.678083183693755e-09
8.053999502996158e-09
1.258102116400981e-08
1.832113380386181e-08
2.529674517000204e-08
3.346591327966717e-08
4.280846161993039e-08
5.326421043974009e-08
6.47139840006898e-08
7.704972057674862e-08
9.012030248521652e-08
1.0376454349999808e-07
1.1782885118473408e-07
1.3214366058565357e-07
1.4651937593940118e-07
1.6077244768414696e-07
1.7471386434695223e-07
1.8812644800612758e-07
2.0082965364150855e-07
2.125887647645568e-07
2.2325850334232143e-07
2.3265220274020783e-07
2.406062565121183e-07
2.4698754770165606e-07
2.5164231816990675e-07
2.5449847520087925e-07
2.5552851724148367e-07
2.5469268073390375e-07
2.519513240650571e-07
2.4736669518899073e-07
2.4087133630167575e-07
2.3255659049346377e-07
2.2259271265330847e-07
2.1116160787972064e-07
1.9838051831826006e-07
1.8444910300746966e-07
1.6977131280329252e-07
1.5466402789497867e-07
1.3961659476824608e-07
1.2500549073272707e-07
1.1135087060980731e-07
9.934403061705654e-08
8.962857942080751e-08
8.302970189179076e-08
8.04294652331853e-08
8.271216025298306e-08
