0.0
1.1381097889126022e-11
2.2679639612932674e-10
9.513169284916328e-10
2.448387306505814e-09
4.9243189947609936e-09
8.552823997853924e-09
1.346723152321883e-08
1.977394510271273e-08
2.7531036694201653e-08
3.676012182966483e-08
4.747720557886509e-08
5.968528602117977e-08
7.330871171036865e-08
8.826318325958236e-08
1.044583153819607e-07
1.21781333224388e-07
1.4008450656356658e-07
1.5922693624715842e-07
1.7906420059773276e-07
1.9941954469339182e-07
2.2010060579840615e-07
2.4087899504627757e-07
2.6156401050934014e-07
2.819233080755394e-07
3.017873257524535e-07
3.209621509399632e-07
3.391683363513829e-07
3.563022920907157e-07
3.7215687612193724e-07
3.8649673885077625e-07
3.992899752221633e-07
4.1036786246091315e-07
4.195123123326878e-07
4.266394737556948e-07
4.316281040586606e-07
4.343692803045137e-07
4.3485386597613347e-07
4.3298502607051223e-07
4.2866414800451626e-07
4.2194034952744453e-07
4.128633364110929e-07
4.0149201829894725e-07
3.878883779040376e-07
3.722098265430671e-07
3.544582025537176e-07
3.34945222377963e-07
3.138781384336407e-07
2.9151219473759985e-07
2.680834169134322e-07
2.439419378580013e-07
2.196292434367748e-07
1.9555441931735174e-07
1.7212696429327292e-07
1.4991014796531551e-07
1.2962329442601443e-07
1.1192452634211336e-07
9.752525682021874e-08
8.726700118435949e-08
8.208423002584144e-08
8.296674490586152e-08
