0.0
1.3316388866943806e-11
2.519127462651532e-10
1.0553373688588647e-09
2.7314379550281075e-09
5.565847014968997e-09
9.810546766070378e-09
1.567964680833797e-08
2.3379096788988778e-08
3.30681236392201e-08
4.489971501660698e-08
5.900265494286532e-08
7.550794430119946e-08
9.448147113449917e-08
1.1601808837454415e-07
1.4014003572596013e-07
1.6683001219227228e-07
1.961273325121453e-07
2.2803262053672387e-07
2.62498003138452e-07
2.995427083567704e-07
3.390755074995473e-07
3.809482995187286e-07
4.25108848016205e-07
4.7144111154659073e-07
5.198494549009832e-07
5.701153654056654e-07
6.221872020963827e-07
6.758976881535931e-07
7.310866124592956e-07
7.874198375896025e-07
8.44848699233509e-07
9.032360182635187e-07
9.62323631876595e-07
1.0217193566667583e-06
1.081415757956634e-06
1.1412480540448625e-06
1.2009829951603044e-06
1.2606255097353675e-06
1.319600685401989e-06
1.3778127400253405e-06
1.4351439131893019e-06
1.4914555883111835e-06
1.546349578341627e-06
1.599417058724348e-06
1.6507817948180502e-06
1.7000994542989465e-06
1.7470275224008461e-06
1.7914671948104942e-06
1.8333813769483475e-06
1.8724252808749049e-06
1.9084095999805584e-06
1.9413416491334066e-06
1.971067533369158e-06
1.997485520648086e-06
2.0204128870814875e-06
2.039495027017749e-06
2.0548412914333918e-06
2.0661077934241846e-06
2.073075311886484e-06
2.0759516005419002e-06
2.0743918358928245e-06
2.0687210905093063e-06
2.058772274265375e-06
2.0444048599117698e-06
2.025697165470138e-06
2.0028753232911954e-06
1.9755957707218443e-06
1.9437916775893428e-06
1.907731983489773e-06
1.8676868240269464e-06
1.8237158064128027e-06
1.7757795398537978e-06
1.7238132024055934e-06
1.6679926648985425e-06
1.6084617938226686e-06
1.5458135000571124e-06
1.4803383971230244e-06
1.4119424268281805e-06
1.3411338990596282e-06
1.2680738789785917e-06
1.1929242323990398e-06
1.1159094986393368e-06
1.0377853254679009e-06
9.587544466648033e-07
8.796484822601338e-07
8.007260316085317e-07
7.226694389002964e-07
6.456431365190617e-07
5.708264232864809e-07
4.986321010068228e-07
4.294939070015366e-07
3.6419490767573006e-07
3.036539926044708e-07
2.483981587043359e-07
1.9968446993412478e-07
1.582851374257363e-07
1.2502123941857164e-07
1.007319991869939e-07
8.647942134179378e-08
8.32075127253872e-08
