0.0
8.787389314595023e-06
8.471640842561084e-05
0.0002963440982869793
0.0007024326490064919
0.0013565000192028612
0.002301957934294482
0.0035834250162450404
0.005235432546268889
0.007269157671923865
0.009688420159119308
0.012522290277086578
0.015757770422341742
0.019421303817268278
0.02352269919706384
0.028044607037949296
0.03296802307579929
0.03827991180479651
0.04396742087827481
0.05002722591526595
0.05639892761181088
0.063011479671938
0.06982789778112904
0.076869149153484
0.08409509815993538
0.09138855102165877
0.09866561468913822
0.10586684123919086
0.11288127988853154
0.11967392728445903
0.12621713988911176
0.1324573019224979
0.13832083736699824
0.1437696410594733
0.14885697266056788
0.15345253382180535
0.15754579742178526
0.16101435592268484
0.16377915988261876
0.16581285305117324
0.1672638005898779
0.16804550451463982
0.1680730961599855
0.16736347394517842
0.16586284735452478
0.16370106585345276
0.1609411759544679
0.1574413180684964
0.15324592619601068
0.1483963634701671
0.14282709632790302
0.13663023207442557
0.1298802176134406
0.12261207159916893
0.11489608208637543
0.10664989068290752
0.0979518754709782
0.08898159777416698
0.07978495286254586
0.07048425841297505
0.06130311432030274
0.0522613186584853
0.043425181277491905
0.03501574788998582
0.027121686625054733
0.01993714041023715
0.013611456568989311
0.008337583663298394
0.004304053326055509
0.0017216924298722798
0.0008228852822394396
