0.0
8.376012706390645e-06
8.090886396422599e-05
0.00028316876415627904
0.0006673944791186355
0.001278499555846042
0.0021503044811618244
0.003302872382831634
0.004754849495614928
0.006504543707280906
0.008542943004146654
0.010863356861903479
0.01344472954817124
0.016262765770282166
0.019281567140480814
0.02248568416136954
0.025787611751021695
0.02917412653944915
0.03258658225600154
0.03598670115819697
0.039325802115399
0.04259441645541059
0.04570162508622311
0.048600546370303144
0.05125567098828776
0.05360033290811598
0.05557491049498762
0.057143519043849386
0.05828376813667516
0.05894222027374604
0.05910362993078256
0.05876879779955658
0.05792238460570025
0.05656533127247595
0.05469001455715704
0.05232513896925019
0.04950335441968357
0.04623862360579625
0.04259172128684576
0.03863980841644301
0.034438548173784285
0.030038882672356795
0.025547235924199004
0.021068936106729757
0.01672557515653244
0.012607019265710494
0.00884123988773328
0.005596305573107283
0.0030555188155145193
0.0013997505066839571
0.0008298662725925192
