0.0
8.068672902179388e-06
7.608002847308281e-05
0.00025843047399129904
0.0005881192995555219
0.0010803354397797994
0.0017402211447991246
0.002560904059557221
0.0035248067934013816
0.004594904217838641
0.005737804402168482
0.006907152814997796
0.00805680847074567
0.0091438048533475
0.010122797812869165
0.01093816134327432
0.011556663160380183
0.0119423389763939
0.012069322966700394
0.011929126796734645
0.01151089491111013
0.010821619447915456
0.009880654140311713
0.008712267554715856
0.0073692635783022716
0.005912750638234401
0.004436902709222832
0.00305208057811084
0.0018840210921678
0.0010848680640616675
0.0008318671672270322
