0.0
9.157923437370074e-06
8.721323050558576e-05
0.0003085189566903067
0.0007416630653332169
0.0014398347455457949
0.002454077513290246
0.003847230745095209
0.005661667117240189
0.007918769498844798
0.010612773415030549
0.013789116891115998
0.017477718763002758
0.021706298860229744
0.026503020625778
0.03187726110179658
0.03780288714860754
0.044230823859193295
0.05112224571065283
0.05847186718135355
0.06624066097924265
0.07432525757853237
0.08266436302610848
0.09126126816900015
0.10009819316648613
0.10904354799541564
0.11810529705546892
0.1273125782682399
0.13665038411291713
0.14605385477823696
0.15554773812376504
0.1650645394637526
0.17446068034421836
0.18367905396099768
0.19259140610629355
0.20108540712420495
0.20930347071955646
0.21709216880933416
0.2242035797758344
0.2307350693269073
0.23664562929730562
0.2421017618695614
0.24683954891521317
0.25085070829748574
0.25407194996842813
0.2564186507078572
0.2579509444991726
0.2587240964433041
0.25862594149535567
0.2577755623360993
0.2560487225543209
0.25354042207910404
0.25023477689516715
0.24589840994203868
0.24066061977364123
0.23469130142400593
0.2278051339850791
0.22014155245503894
0.2117684325344227
0.2025671768555986
0.19282525824838678
0.18256662538574564
0.1717223945280703
0.16047073524621228
0.14870466160208054
0.13657908828818835
0.12426649664111349
0.11183351068754738
0.09939577668891021
0.08710432772910938
0.07510085611682922
0.06348868363587173
0.05234457210282535
0.04182665405365513
0.03210730243717598
0.023402325018546253
0.015797499269969824
0.009542123044040072
0.004836195189766917
0.0018585234869401977
0.0008281216066240997
