0.0
9.810290451950754e-06
9.644793143212664e-05
0.0003514402540001757
0.0008659924588538001
0.001731702860183817
0.0030423290605371533
0.004890729263315534
0.007370900511906177
0.010574404432119358
0.014595562306255873
0.019528586724561408
0.025466776426249747
0.03251069525547596
0.04075877208842388
0.05031159366592251
0.06127138885341686
0.07373380879356677
0.08778632419677043
0.10353553503723623
0.12109152618523268
0.14055275022850824
0.16202178427846728
0.18559216348082921
0.2113624593280771
0.23942836642559256
0.26988722955158406
0.302854998265373
0.33841710686525206
0.37668660391214726
0.4177541227555213
0.4617443731575289
0.508758790414236
0.5588955399804197
0.6122692720735601
0.6690322721591352
0.7292795491412649
0.7931054663659298
0.8606531648647389
0.9320007121266728
1.0072485279388446
1.0865389159242398
1.1699406706688185
1.2575559898170938
1.3495357934086263
1.446015392059538
1.5470873792290174
1.6528901417698618
1.763543216367654
1.879209728661511
1.999953124570445
2.12592074205935
2.257201801272131
2.3939119055404774
2.536227547810565
2.6842640117393315
2.8381488609406613
2.998058414109823
3.164062950577649
3.3362229003646493
3.514696765067939
3.6996725034212408
3.891243276202394
4.089554733534692
4.294779210259912
4.506987069065517
4.726340947979556
4.95289967839162
5.18690580497572
5.428437600486118
5.677673984927831
5.934725822922274
6.199679047053444
6.472767367565995
6.754162057171379
7.044050381716186
7.3425206928343085
7.649676665099498
7.9656821980238055
8.290593988501803
8.62477208671303
8.968205781325453
9.320983482633611
9.683373159576826
10.055619524249565
10.437835846174428
10.830184849928843
11.232820818725141
11.645862266730223
12.069573028571368
12.504068213468452
12.949359607322497
13.405418255153814
13.872504160087406
14.350948232783582
14.84104956494098
15.342897747551467
15.856509129202289
16.381897775086514
16.919414465746872
17.46915169607673
