0.0
8.604441236294561e-06
8.382485450244107e-05
0.00029634048367698044
0.0007042755380541878
0.0013532322941769684
0.002284140707348206
0.003522072187080785
0.00509896822329781
0.007025917806849388
0.009318734526531805
0.01196769620641681
0.014972072281627107
0.018312139268281524
0.021965154124509428
0.025914668558781575
0.030135965902501886
0.03458953932871412
0.039259085170300016
0.04409370392662647
0.04908454460339669
0.05415276407797676
0.05923252100085804
0.06433916473288996
0.06939317041759441
0.07433581812431941
0.07908256440731022
0.08357069090109247
0.08776020554682462
0.0915808287960507
0.09500732899733873
0.09798286008696368
0.10041168869284554
0.10233705526575172
0.10368271159495089
0.10449256560664714
0.10469888377505492
0.10428223535200966
0.10328901187023816
0.10164896038490481
0.09944710117527399
0.09662659212360056
0.09319274912615799
0.08910290873174007
0.08443381934132188
0.07928409272315577
0.0736536643233418
0.06764037493024502
0.06126952546527165
0.054633753614806414
0.04788386543186404
0.04112334391696295
0.034454317057273365
0.028027624375213864
0.02188776384930676
0.016206538605356743
0.011150040385596
0.006906298964810714
0.0036438424288820354
0.0015486589681110716
0.0008312162678897677
