0.0
8.738543123275227e-06
8.616297677953958e-05
0.00030547093223486365
0.0007423492649356187
0.0014483064784953953
0.002482528423001642
0.0038793970784739644
0.005696575381170857
0.007984239801507993
0.010729736261256307
0.013986654659323765
0.01774978923647263
0.02205110696420923
0.026905071804585037
0.032317732027376214
0.03830859147047512
0.04486194037245115
0.05194302764847051
0.05954716000601494
0.06770887149780543
0.07633965189822006
0.08542229439231375
0.09493172223733393
0.10495849619069743
0.11544176867539292
0.12627641311826404
0.1374089680003658
0.14883231189547522
0.16042810227472548
0.17220496915054584
0.18412923976206952
0.1960405546890628
0.208088033482346
0.22006898219239449
0.23194023464279803
0.24368219883829118
0.2552721739003361
0.26650363595255844
0.27729792413506005
0.287680405234718
0.29755995361687615
0.3069312167695205
0.3156302237059583
0.32353162686147485
0.33065196104150923
0.337181032587952
0.34284958146891864
0.34768680201142205
0.35175166905571553
0.3551187761152836
0.3577047271291032
0.35953896348719677
0.36047699806583533
0.3604519117679372
0.3595984024362944
0.35795384682012327
0.35536432010880714
0.3517977651296348
0.34745900433851074
0.34214859291310457
0.33581045470467535
0.32856558063115116
0.320372109936378
0.3112411429066625
0.30113930125973914
0.29027310396437855
0.27858382158471623
0.266253318293207
0.2532153542859826
0.23954216798698275
0.22536200407893328
0.2106499816991469
0.19563561609279714
0.18048318912858952
0.165227665931046
0.14978289342480072
0.13420573274476671
0.11874604498261675
0.10349128370050698
0.08873508210575999
0.07456605934867812
0.06111872993117965
0.04856003602539476
0.03701648451151314
0.026695421352725377
0.017873335378712975
0.01072436423978354
0.005361183191411364
0.002008377929182496
0.0008457192381950156
