0.0
8.160898551336608e-06
7.982954354212186e-05
0.0002776069020924579
0.0006453626453599554
0.0012128907643175243
0.0020004696809441643
0.0030180258036973076
0.004260772105436608
0.005723345728307109
0.007374874670309098
0.00919822203058873
0.011159354441745121
0.013232135258090742
0.015375172325058934
0.017506515937759915
0.019595092264634555
0.02161711318851399
0.023521113803857574
0.02522805203968564
0.026696083207553838
0.027906135435145595
0.02880812499383625
0.029357973914578762
0.029558598235361867
0.029361467273710706
0.028783252046909368
0.027799399527392663
0.02645583138134987
0.024727519236965104
0.02266145665286878
0.02029532509010336
0.017688506617403645
0.014935983260463968
0.012115904080629722
0.009316401786979548
0.006671719872076916
0.004333290798543224
0.0024754873636131536
0.0012422543270352532
0.0008304471517124809
