0.0
9.0040546021602e-06
8.643549228918217e-05
0.00030459078945023097
0.0007409486948913171
0.0014641275179674519
0.002542694748915788
0.004007130264559366
0.005919067732877092
0.008311067600279982
0.011211026684447135
0.014674209606920645
0.01870639284048719
0.023325041649924494
0.02854508754346282
0.0343796416679939
0.040844785421812156
0.047908492540118336
0.05559316360226232
0.06385699431549259
0.07268153130714862
0.0820087099687257
0.09191568573025319
0.1023782569798044
0.11350953214154885
0.1251798667200074
0.13752689849008032
0.1504387151899972
0.1636667865533429
0.1772457627889999
0.191172379494329
0.20523294732809796
0.21945757451802606
0.2336750688082066
0.24776528217779978
0.26195259963415635
0.2759545410259559
0.2899319573841557
0.3038597387709125
0.31761212914856224
0.33123521417541874
0.34484401952351473
0.3582719506083184
0.37160819761482
0.38472190057247097
0.39731904143396424
0.4092219773407573
0.4205535855079713
0.4314030009315852
0.44166395158944544
0.45127857996625875
0.4598834566450024
0.46740103986390585
0.4740446960900864
0.4799247300089027
0.4846279310977291
0.4883610446702502
0.4909226465948149
0.49246815752436984
0.4925930625896108
0.4917338549708795
0.4899536986613538
0.48701838690600663
0.48280395078576904
0.47747170001039096
0.47139305112338475
0.46451460519153703
0.45665312592799784
0.447885159325193
0.4380590961943447
0.4268924881679175
0.41494904151255896
0.4022468224230193
0.38894518694667957
0.37492186575824304
0.3601941920088319
0.3447144980633548
0.32877492457928953
0.3122303374990581
0.2952097523466004
0.2777464324197567
0.2599268815661681
0.24196848000897903
0.22367974624814174
0.2052685659657851
0.1867882179958172
0.1682867912383735
0.14993452277002647
0.13201868997222363
0.11457610420910937
0.09775909359370448
0.0818296045714451
0.06681691168669554
0.05301156109216183
0.04040415635742455
0.02915894624972887
0.019525921995631225
0.011677528056781288
0.0058388900693147035
0.0021433522825018343
0.0008300947684170469
